10
15
0 5845 2
1 2260 1
2 11561 3
3 4884 2
4 5333 2
5 7178 3
6 5881 3
7 3544 2
8 3732 1
9 6762 2
10 6007 3
11 3209 2
12 4808 3
13 9009 3
14 6985 2
1
1 5
1
5 6
1
9 10
90
4 9
3 13
5 10
8 9
0 5
0 14
11 14
2 11
6 11
7 10
3 6
5 12
8 11
9 10
0 7
2 4
6 13
7 12
3 8
9 12
0 9
1 10
7 14
12 13
5 7
0 2
9 14
1 3
13 14
1 12
3 12
5 9
4 11
1 5
2 13
7 9
3 5
3 14
5 11
4 13
1 7
5 13
10 12
1 9
0 11
3 9
5 6
4 8
10 14
1 11
11 13
2 10
0 13
6 10
12 14
3 11
4 10
8 10
1 4
0 6
2 3
1 13
2 12
6 12
3 4
8 12
1 6
0 8
2 5
9 11
2 14
6 14
7 13
4 5
4 14
0 1
8 14
10 11
9 13
0 10
2 7
4 7
5 8
0 3
10 13
0 12
2 9
11 12
6 9
7 8
