96
96
0 50437 36
1 259597 78
2 231346 65
3 229325 87
4 223137 67
5 286311 96
6 125204 83
7 337287 85
8 153842 44
9 43371 34
10 49868 35
11 328392 85
12 12607 5
13 54713 45
14 221555 61
15 172824 45
16 60812 24
17 211241 95
18 235456 66
19 138048 79
20 133302 36
21 188918 57
22 35772 18
23 66486 35
24 140435 90
25 160206 85
26 27064 18
27 100888 35
28 163694 61
29 103125 84
30 35612 19
31 146054 45
32 44091 32
33 7819 3
34 33642 24
35 136520 57
36 171821 46
37 117729 75
38 268541 81
39 129682 49
40 103039 42
41 102108 44
42 165113 46
43 74515 41
44 161285 68
45 286416 85
46 127168 63
47 9843 7
48 89949 36
49 66055 21
50 363725 96
51 97027 39
52 41605 32
53 74317 20
54 156841 71
55 87638 23
56 142142 52
57 269601 79
58 43264 34
59 354371 93
60 68303 45
61 183786 73
62 195693 88
63 265729 67
64 142656 42
65 150837 77
66 307399 93
67 140277 65
68 41976 33
69 122762 66
70 142356 41
71 135071 67
72 165314 80
73 86062 45
74 151534 51
75 183289 70
76 93721 42
77 217409 86
78 139133 52
79 106229 30
80 135732 90
81 54400 36
82 162443 44
83 109516 59
84 210672 69
85 105831 70
86 67486 33
87 32953 21
88 84638 35
89 89373 71
90 119348 44
91 1829 1
92 182487 47
93 55975 14
94 89165 32
95 163719 86
5
6 33
0 77
44 68
72 87
34 40
3
3 64
0 77
49 73
2
30 58
85 87
7
37 61
16 49
3 27
29 54
8 84
11 86
9 39
