26
80
0 12466 6
1 19295 12
2 15984 10
3 21914 6
4 2779 1
5 46352 15
6 15394 12
7 51761 23
8 45542 26
9 80850 26
10 27014 7
11 20961 10
12 47241 15
13 30708 23
14 20123 16
15 31837 10
16 18189 5
17 38061 15
18 41977 23
19 17865 10
20 2630 2
21 43855 14
22 22474 6
23 46426 24
24 7370 2
25 58019 22
26 22800 19
27 33828 11
28 9139 3
29 34614 18
30 7048 2
31 77090 25
32 33360 10
33 7484 3
34 89257 23
35 28703 8
36 31051 25
37 14282 11
38 14675 10
39 21239 9
40 4243 3
41 30197 19
42 46082 14
43 34591 17
44 13927 5
45 18023 7
46 55558 24
47 47439 14
48 69210 18
49 47878 25
50 60954 16
51 34133 22
52 49150 19
53 50114 13
54 58353 20
55 22147 13
56 17537 7
57 8910 4
58 17742 5
59 30293 8
60 17903 8
61 29004 10
62 33224 20
63 53076 17
64 47746 17
65 25790 20
66 37656 19
67 33331 15
68 87451 22
69 17037 5
70 18344 7
71 47145 14
72 25730 9
73 10697 5
74 64438 22
75 18522 13
76 32778 11
77 8077 5
78 10196 3
79 31206 25
1
3 11
5
51 72
22 56
26 73
22 61
3 56
3
30 33
12 44
26 28
7
5 10
1 79
25 32
2 36
13 54
19 66
18 56
