71
180
0 148149 70
1 116707 50
2 70483 28
3 80365 30
4 39345 16
5 98972 25
6 7753 2
7 44381 30
8 116385 31
9 35656 22
10 76386 41
11 51813 14
12 89944 30
13 75533 46
14 132680 41
15 56536 26
16 141360 43
17 122779 52
18 130816 36
19 14715 6
20 110212 31
21 97727 41
22 67903 56
23 65424 18
24 143500 51
25 18944 13
26 9242 6
27 143415 60
28 103380 50
29 67606 22
30 244695 66
31 225815 63
32 50808 28
33 197280 69
34 174235 45
35 115496 39
36 215709 60
37 122224 42
38 181582 51
39 58023 37
40 7993 6
41 59256 43
42 98696 46
43 35204 13
44 138641 57
45 79703 30
46 76471 42
47 17964 8
48 57623 18
49 222328 63
50 21326 14
51 138362 58
52 180329 46
53 176422 65
54 139506 46
55 81605 35
56 155217 55
57 16866 11
58 63329 31
59 106915 50
60 3511 1
61 7907 3
62 187724 54
63 85719 30
64 4559 2
65 118879 49
66 199733 53
67 41344 11
68 24733 8
69 109885 28
70 46725 30
71 45567 23
72 38617 10
73 37181 15
74 25055 9
75 47702 17
76 60771 46
77 16870 13
78 68687 19
79 227060 66
80 59079 31
81 189085 54
82 265793 68
83 32001 13
84 79942 37
85 130311 52
86 26025 10
87 72740 19
88 11808 3
89 17162 13
90 124602 32
91 50839 20
92 11792 4
93 99789 26
94 65609 23
95 69338 57
96 211095 64
97 108138 30
98 102494 33
99 57974 15
100 43375 12
101 89340 27
102 93288 64
103 105453 35
104 128818 52
105 82476 36
106 115541 46
107 65949 30
108 56889 15
109 27568 11
110 58504 28
111 157618 70
112 29459 15
113 10017 5
114 109411 46
115 16862 6
116 7927 2
117 11791 8
118 127693 35
119 82918 60
120 48693 32
121 55051 23
122 105509 36
123 82404 46
124 99735 39
125 18450 9
126 117307 64
127 32124 9
128 14572 10
129 149468 47
130 83448 45
131 98586 64
132 54241 31
133 19663 10
134 39245 17
135 199785 60
136 86569 36
137 155578 67
138 146533 54
139 26751 12
140 206245 71
141 68941 25
142 182633 61
143 13250 5
144 178705 57
145 69987 18
146 108803 42
147 139867 61
148 42107 25
149 23887 17
150 139156 55
151 91903 31
152 59169 27
153 97469 30
154 126190 49
155 1383 1
156 58232 25
157 34322 14
158 64601 18
159 110048 35
160 58312 34
161 66941 23
162 140767 42
163 73611 43
164 186071 48
165 119389 36
166 133102 48
167 116544 38
168 271314 68
169 41161 16
170 13807 7
171 113669 36
172 83973 67
173 95072 36
174 5991 3
175 12464 7
176 77165 31
177 60376 16
178 63818 32
179 43726 21
2
39 50
22 51
11
35 88
88 156
36 77
125 126
30 158
30 49
103 169
38 44
21 134
60 120
153 156
6
57 63
140 179
64 138
32 145
86 143
22 65
20
84 120
7 159
38 105
94 112
101 168
158 176
11 158
91 164
44 79
109 127
40 72
68 140
92 117
39 131
64 86
24 50
36 98
104 134
91 162
50 51
