28
97
0 33724 28
1 17468 9
2 43169 16
3 25667 11
4 4700 2
5 50503 18
6 34371 16
7 26160 7
8 21370 15
9 1820 1
10 44198 26
11 46801 13
12 27878 9
13 16217 9
14 28152 11
15 46362 19
16 12446 4
17 78906 26
18 35853 21
19 28628 17
20 28188 11
21 22093 8
22 30206 10
23 11086 8
24 55964 23
25 68671 20
26 49420 14
27 53852 21
28 8583 6
29 34839 11
30 59641 25
31 56446 16
32 37033 18
33 47556 24
34 22666 8
35 91617 25
36 25944 19
37 7632 2
38 23680 19
39 24525 9
40 36438 25
41 8992 3
42 88672 28
43 38109 18
44 2802 2
45 18257 12
46 18577 6
47 52640 17
48 35686 12
49 14331 6
50 17834 6
51 43976 13
52 75212 20
53 10789 4
54 26540 20
55 8719 7
56 86023 24
57 22532 8
58 21397 9
59 22343 10
60 31670 8
61 12484 5
62 56734 15
63 9601 3
64 7591 3
65 24723 10
66 41735 26
67 2428 1
68 51901 18
69 50543 25
70 46594 14
71 23730 10
72 20678 6
73 101486 26
74 9189 4
75 46701 20
76 33409 18
77 12632 4
78 8753 3
79 31072 14
80 53160 14
81 54438 23
82 21852 7
83 36136 14
84 46533 13
85 29198 12
86 42905 26
87 26024 10
88 26076 7
89 26745 21
90 29701 12
91 51093 15
92 61755 23
93 45401 27
94 12872 4
95 78379 22
96 16693 6
2
2 14
4 18
4
24 44
32 40
45 83
20 54
2
17 20
38 64
6
66 84
19 20
20 36
39 96
15 42
37 67
