93
262
0 202296 92
1 216399 78
2 28613 11
3 29825 15
4 15611 5
5 72658 43
6 297631 76
7 255390 93
8 65605 18
9 5651 4
10 277572 72
11 33692 15
12 85996 25
13 91865 28
14 69219 56
15 29588 13
16 273800 83
17 143563 93
18 11523 7
19 103688 74
20 165751 49
21 83031 67
22 70211 26
23 208690 69
24 25972 11
25 71964 41
26 211226 84
27 209063 68
28 106353 28
29 111148 32
30 97261 78
31 32688 23
32 93144 38
33 140581 36
34 150194 92
35 167705 54
36 303121 93
37 64610 24
38 47208 35
39 237290 83
40 151968 46
41 25241 7
42 125969 82
43 80831 43
44 3793 1
45 25714 15
46 132151 82
47 75638 32
48 248818 79
49 170186 79
50 97390 33
51 101467 44
52 46312 30
53 171467 88
54 185239 85
55 91076 40
56 1397 1
57 239018 69
58 189047 87
59 95410 29
60 318076 88
61 148983 60
62 59878 38
63 110175 41
64 17460 6
65 36022 27
66 5305 2
67 102034 46
68 86005 42
69 89891 47
70 121818 35
71 76361 20
72 33779 22
73 363798 92
74 99241 42
75 25191 10
76 248708 66
77 52782 20
78 132268 40
79 38297 10
80 48247 23
81 151187 43
82 129192 52
83 84496 61
84 138282 88
85 203099 87
86 110607 44
87 49111 17
88 45324 32
89 139252 55
90 333818 90
91 58857 47
92 84093 41
93 221734 92
94 289850 84
95 148889 49
96 67832 20
97 212576 55
98 212439 69
99 100637 79
100 334177 86
101 78794 24
102 112485 92
103 212007 61
104 184040 55
105 64387 30
106 228759 91
107 187408 56
108 75278 28
109 137934 42
110 47369 30
111 134691 50
112 166119 85
113 50179 19
114 54399 27
115 79655 47
116 241836 67
117 21226 6
118 4293 2
119 179175 62
120 85855 67
121 69742 35
122 23536 11
123 53840 22
124 17231 6
125 48172 18
126 83161 23
127 74250 28
128 251006 72
129 116603 32
130 220235 65
131 89659 50
132 143407 55
133 97580 65
134 91662 24
135 101828 69
136 6195 2
137 83095 36
138 30208 8
139 303306 88
140 27008 7
141 46264 37
142 44232 35
143 172971 52
144 26584 15
145 67757 26
146 104260 62
147 133673 76
148 54941 19
149 51946 16
150 256673 91
151 117715 79
152 182940 76
153 155159 78
154 228981 74
155 43584 17
156 197295 70
157 125507 45
158 96121 35
159 294510 88
160 82858 27
161 95918 45
162 46363 19
163 89918 58
164 72300 41
165 239144 81
166 47071 36
167 108587 55
168 67943 19
169 122562 51
170 39638 11
171 133706 60
172 197895 50
173 278877 83
174 161718 60
175 17484 5
176 229597 58
177 85375 29
178 157670 79
179 98137 34
180 137400 45
181 108246 34
182 3019 1
183 150603 89
184 151763 74
185 307399 80
186 59306 37
187 141135 73
188 176878 45
189 163330 69
190 60049 16
191 66657 55
192 204186 86
193 44408 24
194 125547 43
195 27060 8
196 97526 39
197 208753 75
198 55191 44
199 92922 53
200 252495 82
201 36726 15
202 121147 50
203 175102 79
204 145779 56
205 46854 22
206 242058 93
207 236366 91
208 179223 64
209 127164 72
210 18875 7
211 180793 82
212 198049 56
213 18223 6
214 123003 43
215 1601 1
216 166739 82
217 29304 20
218 131362 51
219 147552 85
220 136970 56
221 187693 56
222 63824 31
223 32871 24
224 20132 14
225 219317 77
226 7479 2
227 230710 84
228 36570 15
229 18261 10
230 273782 82
231 75527 61
232 206493 79
233 110132 38
234 89643 31
235 144501 93
236 224487 70
237 94827 25
238 68980 23
239 122615 77
240 37779 10
241 80757 36
242 72683 28
243 11357 4
244 261246 71
245 139683 40
246 180380 84
247 157438 55
248 163604 50
249 59114 22
250 90823 32
251 182854 83
252 94553 49
253 50727 16
254 152710 56
255 92342 59
256 229334 89
257 11926 4
258 156221 60
259 218972 73
260 258105 72
261 28758 8
7
11 15
0 78
41 63
17 24
18 82
61 83
32 78
14
9 143
45 232
70 213
28 246
45 57
12 40
161 223
5 43
60 110
54 221
129 145
82 241
86 220
121 187
10
98 216
39 46
93 159
60 206
92 129
112 229
51 77
6 213
4 20
183 188
16
122 123
180 247
72 74
143 151
133 150
105 201
64 82
28 177
40 130
99 179
148 238
47 203
64 173
120 215
177 258
33 196
