78
269
0 52212 15
1 154570 60
2 41769 28
3 85975 32
4 197393 65
5 12993 8
6 28518 14
7 82515 38
8 89452 31
9 114294 36
10 117699 52
11 171886 75
12 133384 62
13 90277 60
14 122151 41
15 39356 11
16 143617 77
17 72578 23
18 38051 21
19 5423 2
20 140749 51
21 85237 23
22 104598 60
23 19441 11
24 148077 52
25 27814 14
26 125147 36
27 62776 30
28 170848 54
29 97459 39
30 91075 25
31 58215 15
32 119256 45
33 118973 31
34 57771 47
35 89203 58
36 236327 76
37 123215 35
38 54395 35
39 26130 7
40 152684 52
41 95898 39
42 21344 13
43 57808 44
44 71384 28
45 118958 34
46 16858 7
47 19513 5
48 1577 1
49 28047 15
50 42385 13
51 16997 6
52 89944 62
53 125035 47
54 159291 55
55 119794 63
56 22302 17
57 45487 19
58 90465 24
59 48503 39
60 166966 76
61 274354 74
62 86207 51
63 141354 44
64 90578 59
65 39406 27
66 11696 6
67 10875 3
68 238276 65
69 30909 22
70 77882 20
71 91352 71
72 139671 39
73 59266 36
74 90817 47
75 14614 6
76 79243 56
77 248145 77
78 165516 76
79 190431 57
80 49920 15
81 83120 49
82 155840 56
83 4819 4
84 187944 62
85 198278 68
86 121546 38
87 128165 47
88 201216 66
89 120966 65
90 117425 50
91 25819 14
92 64734 52
93 161372 49
94 33602 22
95 21813 12
96 48985 30
97 72761 28
98 70508 50
99 94937 44
100 264279 72
101 40725 11
102 161164 41
103 153646 50
104 48908 26
105 68419 19
106 234537 68
107 202249 73
108 145607 49
109 32978 19
110 166989 60
111 175093 69
112 133361 35
113 85949 66
114 99438 26
115 1940 1
116 166503 53
117 29040 11
118 73775 50
119 8806 7
120 251415 76
121 73988 46
122 112303 45
123 66699 20
124 267526 75
125 104689 34
126 52211 16
127 86021 47
128 71396 41
129 55619 32
130 73363 52
131 63856 40
132 114531 47
133 108104 31
134 210836 59
135 54883 18
136 13198 4
137 8938 6
138 67510 28
139 64044 30
140 119518 71
141 4848 3
142 9445 5
143 62918 48
144 91981 28
145 114993 62
146 155953 50
147 85239 40
148 57650 46
149 59992 24
150 114232 77
151 169548 48
152 35404 14
153 30748 18
154 38041 21
155 251898 74
156 2302 1
157 13474 10
158 88675 24
159 138689 37
160 94192 35
161 74999 48
162 34557 18
163 14987 8
164 48660 25
165 13787 6
166 185399 76
167 293545 75
168 163148 67
169 40084 25
170 16235 13
171 28044 17
172 259333 69
173 23515 13
174 192764 55
175 99981 25
176 113319 68
177 59278 19
178 86820 37
179 150618 76
180 51315 19
181 22702 6
182 53288 31
183 145001 62
184 151120 68
185 110769 45
186 67925 41
187 108072 54
188 26359 7
189 52940 15
190 169715 64
191 152519 60
192 10208 8
193 61490 32
194 45969 16
195 74522 56
196 42650 11
197 266152 74
198 6236 4
199 119401 72
200 45156 20
201 152411 67
202 99231 40
203 116676 39
204 96108 42
205 41512 17
206 161385 43
207 40108 15
208 131225 37
209 24214 7
210 222981 73
211 84906 41
212 245222 63
213 69792 19
214 56721 17
215 6598 3
216 20926 8
217 173351 70
218 8115 4
219 59087 42
220 171872 44
221 211519 57
222 124443 45
223 207438 64
224 145869 41
225 71872 38
226 31916 11
227 141438 62
228 32142 12
229 97704 65
230 11049 4
231 122574 60
232 151912 46
233 100203 51
234 100576 34
235 18499 9
236 53461 16
237 6286 3
238 249546 77
239 59951 36
240 155803 61
241 4309 2
242 183807 55
243 90305 59
244 236484 75
245 46762 28
246 45736 19
247 177860 47
248 187185 64
249 132472 41
250 40677 11
251 222901 57
252 44573 15
253 57374 31
254 7243 5
255 178976 75
256 34853 15
257 146374 75
258 83761 29
259 86926 50
260 28030 9
261 119191 38
262 60448 24
263 136603 71
264 247279 67
265 17299 8
266 3650 1
267 35532 14
268 127205 66
3
8 15
10 24
31 34
20
202 240
74 150
21 191
138 183
208 217
139 153
38 219
220 258
126 141
53 83
7 96
128 133
156 196
13 129
147 226
118 133
45 133
33 110
41 218
177 229
8
8 70
9 27
138 217
210 215
22 268
116 238
38 62
140 196
23
46 107
12 188
149 234
74 178
111 214
67 209
58 143
119 189
103 180
99 107
210 224
129 240
116 183
17 197
16 96
107 259
15 198
253 267
46 132
92 143
59 245
104 263
98 167
