52
86
0 32687 10
1 33969 22
2 24305 16
3 40822 14
4 173310 49
5 31928 9
6 22059 12
7 22986 6
8 10213 4
9 13996 5
10 20481 6
11 57331 36
12 83173 45
13 19922 7
14 111263 36
15 64440 19
16 72190 27
17 65764 17
18 95745 52
19 10291 3
20 32533 21
21 62306 21
22 52706 22
23 20917 13
24 37483 12
25 31371 11
26 135759 39
27 56272 43
28 144064 51
29 12833 5
30 58652 47
31 47797 26
32 142572 36
33 24400 7
34 40771 14
35 23409 19
36 182466 48
37 34218 25
38 5502 2
39 53380 39
40 37152 16
41 74153 34
42 181519 50
43 30313 19
44 43601 14
45 24458 8
46 145852 48
47 27851 11
48 25933 18
49 74673 21
50 106633 31
51 123215 49
52 53923 36
53 68459 18
54 21534 13
55 40788 31
56 8565 3
57 110856 51
58 85219 47
59 68365 25
60 53953 32
61 80288 36
62 104929 49
63 29282 21
64 9004 7
65 66477 32
66 90094 39
67 64126 27
68 7792 2
69 121250 48
70 51163 16
71 183825 48
72 145272 49
73 118453 34
74 35661 12
75 50727 16
76 15736 4
77 134503 44
78 73191 22
79 76526 52
80 151238 41
81 5114 2
82 6452 2
83 121647 43
84 134006 35
85 99671 28
3
18 33
45 48
1 4
3
10 70
54 77
2 67
4
3 34
1 28
5 42
3 82
8
33 80
63 78
52 85
33 79
3 62
35 55
63 67
51 63
