63
234
0 23514 14
1 27059 12
2 125762 61
3 213525 61
4 39062 24
5 73520 34
6 154137 43
7 142704 59
8 111259 50
9 64870 33
10 26774 18
11 48228 14
12 23836 16
13 90927 38
14 63969 53
15 85687 38
16 74170 43
17 124823 58
18 6775 2
19 142154 42
20 183850 51
21 198065 50
22 67543 23
23 122985 53
24 49464 26
25 94926 39
26 191986 49
27 60595 33
28 48173 32
29 49493 14
30 90653 24
31 166961 48
32 31910 17
33 58533 48
34 200260 60
35 23054 17
36 15843 5
37 145702 42
38 9243 3
39 210365 53
40 197408 59
41 180407 55
42 191154 53
43 92382 50
44 18833 13
45 79823 24
46 136509 57
47 62162 23
48 91264 39
49 100369 53
50 36226 22
51 21293 8
52 16060 6
53 162826 59
54 44835 26
55 149434 56
56 64151 38
57 166951 54
58 76685 33
59 138387 60
60 86639 23
61 31683 11
62 6617 4
63 46611 13
64 17501 6
65 125246 56
66 49430 17
67 27227 11
68 75878 41
69 111615 36
70 102800 36
71 46161 12
72 71130 45
73 100297 31
74 139436 36
75 166310 60
76 132717 44
77 118643 44
78 67481 49
79 27574 14
80 17548 5
81 147204 54
82 95239 25
83 99952 26
84 35897 26
85 87257 38
86 17235 10
87 62214 17
88 75371 45
89 67724 38
90 196600 63
91 86182 50
92 143322 39
93 81540 23
94 156204 40
95 127141 57
96 125794 35
97 100989 40
98 34164 21
99 113876 38
100 177735 51
101 55021 34
102 80373 26
103 44563 19
104 108555 29
105 162994 43
106 146030 52
107 89757 25
108 12524 7
109 101860 32
110 57930 29
111 114969 49
112 102886 48
113 69927 46
114 240922 63
115 156073 54
116 29642 9
117 64701 34
118 130453 38
119 101204 36
120 32644 15
121 96697 36
122 120331 31
123 116751 58
124 84926 61
125 238518 63
126 75746 34
127 55593 19
128 9097 7
129 74641 32
130 38781 28
131 134220 57
132 42749 31
133 206832 53
134 188708 54
135 185108 49
136 115090 38
137 69332 22
138 115183 44
139 104988 28
140 62353 18
141 4778 3
142 14678 6
143 29748 13
144 63634 18
145 147682 54
146 120822 42
147 111844 55
148 95105 35
149 33944 15
150 51169 33
151 5399 2
152 1937 1
153 50356 20
154 45078 31
155 33957 10
156 165112 58
157 94731 52
158 33541 20
159 85042 25
160 163810 43
161 99906 32
162 72436 21
163 214839 55
164 117677 61
165 41731 16
166 153053 58
167 70515 40
168 97675 37
169 157806 48
170 78397 22
171 80611 21
172 164427 48
173 26523 10
174 89265 57
175 140612 42
176 49109 20
177 17246 13
178 209985 61
179 175132 50
180 38040 15
181 3904 1
182 76736 62
183 139047 52
184 154522 40
185 1452 1
186 78331 39
187 83042 33
188 74765 24
189 83277 51
190 115847 33
191 138264 54
192 3515 2
193 5930 4
194 218807 62
195 83825 22
196 18999 5
197 141625 38
198 31087 18
199 79069 23
200 125311 41
201 134082 58
202 47598 39
203 105120 28
204 54435 22
205 161800 48
206 103221 44
207 51304 30
208 41492 34
209 68950 29
210 67701 44
211 32457 23
212 82266 32
213 206721 57
214 80848 26
215 25903 7
216 48077 40
217 41331 12
218 178189 60
219 90056 23
220 4542 3
221 99187 48
222 39335 23
223 181064 51
224 63158 19
225 122743 31
226 96191 46
227 138232 50
228 63664 42
229 51518 24
230 43200 32
231 114006 45
232 174358 51
233 45795 18
2
0 12
15 23
10
156 227
29 135
52 202
98 217
43 78
7 107
201 206
95 157
117 157
45 148
8
104 231
49 75
143 208
68 169
88 163
80 155
96 153
153 179
15
200 219
183 229
107 148
184 198
28 205
52 96
9 176
53 204
125 168
188 229
86 198
58 129
142 191
63 125
182 192
