68
83
0 14604 5
1 73042 42
2 67654 19
3 123725 59
4 92603 32
5 6601 3
6 41691 21
7 19137 15
8 92659 36
9 4939 4
10 9060 5
11 60402 29
12 30523 8
13 105291 33
14 183779 63
15 5400 3
16 132042 46
17 58885 32
18 47410 31
19 31604 9
20 166762 58
21 19480 6
22 52916 21
23 79659 20
24 55820 26
25 212981 62
26 134219 40
27 208819 65
28 11738 3
29 183467 68
30 100459 38
31 69183 26
32 41845 11
33 139230 50
34 4436 3
35 17882 14
36 25221 13
37 8448 3
38 30747 23
39 101614 29
40 75226 19
41 85973 59
42 136284 47
43 136958 60
44 171950 66
45 145586 50
46 93842 62
47 111438 31
48 26968 10
49 13463 6
50 134874 34
51 41357 13
52 122049 45
53 138752 52
54 85091 48
55 231522 68
56 16299 5
57 28889 12
58 78574 64
59 118754 54
60 118807 30
61 90100 36
62 17904 6
63 21076 16
64 144041 46
65 68204 22
66 135293 66
67 91169 42
68 10045 5
69 144951 67
70 106337 64
71 144796 60
72 83466 42
73 42945 32
74 157643 59
75 186448 54
76 87053 22
77 220374 63
78 32529 14
79 134477 43
80 167783 67
81 168129 48
82 144933 44
4
8 67
17 38
30 46
17 63
3
10 35
18 41
11 35
4
5 68
1 59
7 9
44 81
8
4 69
52 69
34 67
3 60
10 29
68 80
1 24
43 47
