94
143
0 44018 19
1 200825 52
2 149478 44
3 50070 26
4 235187 65
5 26997 22
6 168784 49
7 58799 28
8 70215 21
9 85796 28
10 89720 25
11 179706 79
12 73854 51
13 163992 76
14 112832 34
15 141526 91
16 49253 14
17 295320 75
18 114608 59
19 14184 6
20 60961 28
21 267469 82
22 85972 36
23 76922 40
24 20999 6
25 119344 62
26 143528 75
27 4512 2
28 140720 76
29 140811 92
30 66809 45
31 179858 50
32 170724 75
33 82192 29
34 63828 42
35 204143 72
36 158266 63
37 17381 10
38 313819 85
39 244138 91
40 99586 32
41 98937 44
42 210888 94
43 98464 41
44 28494 17
45 106137 29
46 111496 56
47 105997 42
48 22856 6
49 236350 64
50 74130 21
51 319330 86
52 276658 77
53 127215 44
54 96184 66
55 104045 81
56 56290 23
57 249066 69
58 188523 82
59 122562 63
60 239670 84
61 153988 76
62 143302 78
63 304501 79
64 76212 28
65 75024 34
66 70866 48
67 3014 1
68 44156 30
69 300942 84
70 357680 91
71 2102 1
72 112868 30
73 49536 16
74 94636 78
75 102408 32
76 309756 89
77 91197 63
78 21383 6
79 26573 17
80 239989 80
81 99052 61
82 30602 18
83 128648 44
84 125762 62
85 212717 79
86 142002 78
87 38602 11
88 37619 17
89 119526 38
90 185807 79
91 240847 81
92 127713 91
93 38669 21
94 62418 26
95 46744 36
96 66178 52
97 120079 51
98 35121 11
99 166455 59
100 46039 12
101 177820 51
102 42514 34
103 79616 43
104 100749 31
105 154682 46
106 178802 86
107 299604 83
108 8600 3
109 106847 38
110 28757 18
111 121830 93
112 28096 12
113 122716 64
114 15442 4
115 231642 67
116 109736 51
117 81337 24
118 219256 73
119 63259 29
120 254262 85
121 115577 39
122 111388 87
123 82203 35
124 120236 47
125 35338 11
126 293280 88
127 33796 9
128 162543 54
129 91479 60
130 27225 8
131 211180 57
132 104233 44
133 70945 20
134 56260 24
135 188548 53
136 119718 79
137 33026 20
138 15005 8
139 8424 5
140 115608 41
141 143391 65
142 74780 38
3
48 84
17 68
16 18
7
8 122
68 118
18 90
34 120
120 139
24 42
49 124
5
109 141
30 44
21 62
65 114
9 95
8
103 110
68 125
15 105
38 82
31 128
74 86
81 115
36 57
