81
167
0 83553 35
1 23146 17
2 266641 73
3 274930 74
4 176405 65
5 51002 22
6 82562 60
7 100928 33
8 137745 48
9 173280 50
10 97330 67
11 187784 54
12 79370 39
13 10417 3
14 125370 38
15 219696 58
16 217673 76
17 146964 50
18 133265 45
19 43008 17
20 123546 40
21 108212 59
22 134098 67
23 59158 40
24 107487 59
25 54883 33
26 49955 22
27 263676 66
28 226093 62
29 13222 6
30 117493 54
31 43217 35
32 252207 81
33 54128 45
34 161962 41
35 64553 43
36 41785 25
37 184247 70
38 19899 6
39 164186 74
40 54941 32
41 112387 72
42 159083 45
43 141307 72
44 98099 25
45 106072 53
46 72290 56
47 76097 36
48 13275 11
49 146924 58
50 91231 36
51 20925 6
52 16153 5
53 13662 6
54 94053 78
55 28443 19
56 98194 26
57 167947 51
58 63370 41
59 31455 13
60 60180 41
61 144229 81
62 62504 23
63 100880 31
64 241722 68
65 118155 78
66 215280 56
67 139928 66
68 166910 66
69 109485 35
70 175170 49
71 53902 14
72 3869 1
73 84761 53
74 158285 45
75 117045 38
76 11138 8
77 105462 48
78 31789 13
79 123253 46
80 18326 5
81 123443 43
82 112230 31
83 76336 29
84 19691 12
85 12839 8
86 115917 42
87 165885 50
88 166558 64
89 137899 46
90 11523 6
91 94011 58
92 173480 70
93 48680 18
94 56897 44
95 175139 57
96 140023 79
97 116358 46
98 134757 60
99 131340 46
100 299310 80
101 7939 2
102 146448 74
103 103949 70
104 50166 32
105 140297 78
106 180417 54
107 76677 31
108 270787 79
109 123043 79
110 3220 1
111 10116 8
112 69410 20
113 24087 7
114 34321 18
115 105706 56
116 13902 6
117 63094 22
118 7018 3
119 15850 9
120 84006 69
121 83765 26
122 258400 71
123 238095 62
124 6183 2
125 185355 67
126 44927 35
127 114189 57
128 127523 63
129 18354 10
130 80034 60
131 153129 42
132 90828 50
133 108899 51
134 170881 50
135 71175 40
136 208258 53
137 127674 35
138 113158 68
139 87839 54
140 175506 45
141 6835 2
142 152173 62
143 175770 50
144 170049 64
145 206957 62
146 142026 65
147 10741 4
148 68477 30
149 81236 40
150 181784 56
151 80141 36
152 22012 17
153 54929 31
154 225202 79
155 106100 27
156 259204 71
157 207867 64
158 29650 8
159 208850 71
160 7777 6
161 122376 80
162 111392 30
163 29666 10
164 57045 31
165 215033 55
166 149753 39
3
18 27
33 78
58 73
7
71 75
37 65
57 140
52 106
10 62
34 130
70 150
5
56 92
56 67
4 134
19 154
68 126
20
55 138
7 91
96 107
112 142
95 109
66 71
74 138
86 147
0 74
0 93
31 96
90 152
122 127
93 142
39 40
4 101
62 151
27 35
51 77
70 119
