93
366
0 148570 74
1 124556 34
2 139205 35
3 167072 75
4 32230 25
5 70667 20
6 176919 82
7 29539 15
8 218472 65
9 93065 46
10 253982 73
11 149415 43
12 184611 52
13 44868 25
14 2073 1
15 141203 78
16 274124 79
17 304380 79
18 175636 73
19 163239 85
20 117595 72
21 43960 18
22 93824 28
23 249496 79
24 319655 82
25 343487 86
26 201173 61
27 91828 25
28 61878 41
29 306753 87
30 28984 9
31 43017 15
32 52951 20
33 24624 15
34 97694 32
35 202294 84
36 304367 85
37 87156 27
38 17723 8
39 69735 23
40 46764 20
41 280267 85
42 32797 21
43 192292 79
44 37063 13
45 41369 17
46 168633 76
47 260123 66
48 95495 31
49 97802 37
50 6462 2
51 5366 2
52 214858 61
53 46770 18
54 174379 51
55 315874 83
56 13498 8
57 59124 42
58 46800 38
59 81734 51
60 237855 71
61 90144 65
62 204310 52
63 47527 24
64 89109 32
65 112663 37
66 100917 39
67 95869 35
68 112366 62
69 178874 71
70 175512 65
71 84840 36
72 216311 69
73 160450 56
74 122250 32
75 34362 26
76 26210 11
77 28346 8
78 162315 70
79 223624 81
80 186857 58
81 128189 86
82 147276 90
83 120710 34
84 114696 48
85 55020 29
86 179768 67
87 11089 5
88 44206 14
89 177284 63
90 45498 13
91 54823 40
92 117441 35
93 41232 12
94 161152 70
95 69472 45
96 286335 92
97 12650 4
98 171950 92
99 146623 42
100 214223 57
101 96083 48
102 318806 85
103 179437 57
104 289162 83
105 54807 16
106 124946 67
107 193806 91
108 123980 74
109 147270 41
110 74220 55
111 91096 31
112 8561 5
113 344621 88
114 121278 50
115 101725 29
116 11551 3
117 134414 46
118 114908 52
119 74937 57
120 152600 63
121 300470 88
122 226579 63
123 148801 89
124 150708 45
125 55985 32
126 74862 61
127 237112 68
128 67326 22
129 147938 54
130 135970 76
131 140670 93
132 80411 35
133 220265 76
134 141666 65
135 72167 20
136 174061 77
137 49004 15
138 173021 75
139 67943 19
140 88378 47
141 195880 53
142 91582 69
143 36310 12
144 109948 56
145 177784 84
146 75344 44
147 113810 73
148 169670 47
149 189569 68
150 41733 20
151 8010 3
152 13987 4
153 120912 53
154 63875 23
155 124927 36
156 51857 41
157 8960 3
158 80844 54
159 7185 3
160 321816 88
161 281628 74
162 103172 57
163 222855 70
164 8769 5
165 111856 47
166 135713 63
167 29614 20
168 289624 88
169 148127 45
170 9846 6
171 146372 58
172 121310 34
173 134412 55
174 135960 38
175 51837 25
176 194249 90
177 101147 33
178 224171 88
179 100643 32
180 135058 61
181 84878 26
182 73364 37
183 131647 39
184 172543 44
185 34658 13
186 216592 81
187 129569 72
188 43265 12
189 72622 22
190 226582 85
191 91525 27
192 7831 4
193 105301 50
194 180777 71
195 121990 46
196 253334 65
197 84168 25
198 117433 30
199 73368 29
200 243109 90
201 7166 2
202 108975 86
203 1691 1
204 141480 49
205 69693 46
206 165871 83
207 12797 7
208 256216 75
209 191248 79
210 61965 34
211 23698 9
212 279934 93
213 64308 26
214 111263 39
215 11937 3
216 189566 49
217 83403 21
218 80033 26
219 30144 15
220 6733 5
221 63642 25
222 348935 91
223 40544 14
224 36055 12
225 333989 90
226 86519 22
227 81317 47
228 38813 27
229 253615 64
230 108283 72
231 25043 17
232 44405 30
233 41778 22
234 100267 47
235 127343 46
236 69348 29
237 267861 71
238 157544 88
239 24096 17
240 270089 93
241 47877 30
242 244632 69
243 116794 37
244 63726 33
245 116326 75
246 167623 49
247 155361 52
248 103312 74
249 326443 87
250 240654 69
251 44053 18
252 177148 78
253 154708 71
254 112698 38
255 171037 76
256 119432 30
257 125255 70
258 37810 18
259 170913 56
260 55428 16
261 29517 21
262 114799 44
263 18056 6
264 34619 13
265 175009 51
266 131066 84
267 50502 38
268 97807 27
269 274591 75
270 218052 57
271 51961 31
272 237180 82
273 51172 17
274 102674 26
275 123102 32
276 148967 84
277 201806 66
278 77398 60
279 113889 72
280 70420 53
281 4406 3
282 17745 5
283 150075 45
284 137266 54
285 245123 76
286 81204 28
287 236196 71
288 131617 38
289 118481 56
290 49969 39
291 57620 30
292 91402 23
293 131185 33
294 131108 62
295 117427 32
296 78729 20
297 30501 9
298 169495 85
299 3147 2
300 54969 19
301 265267 90
302 36114 22
303 293203 86
304 69422 52
305 103018 30
306 357799 93
307 32024 11
308 106778 45
309 41269 17
310 199280 53
311 1376 1
312 50438 36
313 101511 80
314 1929 1
315 159776 73
316 7155 2
317 217256 63
318 4822 2
319 234805 81
320 116040 89
321 6454 4
322 330879 89
323 102059 54
324 101332 28
325 84909 44
326 32764 12
327 163968 87
328 117311 76
329 29867 10
330 136789 52
331 162515 54
332 158376 45
333 5723 2
334 33308 12
335 99413 54
336 126864 37
337 63608 52
338 138042 38
339 251905 66
340 117095 63
341 151615 45
342 100532 47
343 66776 24
344 325459 88
345 41404 17
346 13776 5
347 122653 88
348 163688 49
349 29122 11
350 222654 65
351 27660 23
352 86785 68
353 196805 54
354 53560 21
355 117827 44
356 34601 10
357 113426 93
358 93120 59
359 106907 27
360 80424 40
361 22818 7
362 52354 24
363 68649 42
364 148648 41
365 55205 29
3
36 89
9 24
31 66
21
28 165
52 278
354 364
166 321
265 350
134 276
14 280
218 297
143 290
63 236
226 228
169 173
65 204
61 148
67 302
40 253
216 294
15 176
5 158
43 302
39 63
9
224 327
132 188
158 326
122 339
131 165
59 61
131 172
22 211
320 343
27
140 146
210 320
74 129
221 267
186 277
10 183
197 313
131 159
15 120
171 184
45 202
248 363
108 349
6 345
130 215
262 299
184 257
97 306
125 294
265 282
42 316
49 58
57 310
95 151
199 347
0 280
70 110
