42
97
0 30943 13
1 89303 29
2 9849 8
3 56692 33
4 16392 11
5 39826 12
6 115127 36
7 44423 13
8 62972 31
9 22322 15
10 32787 20
11 150344 40
12 11757 4
13 40714 18
14 114284 34
15 57617 18
16 136767 40
17 89179 31
18 56486 17
19 51144 22
20 18209 5
21 58289 38
22 46058 31
23 21807 9
24 37831 24
25 68703 27
26 54772 26
27 57555 20
28 62352 20
29 13354 4
30 58098 20
31 27607 10
32 44068 13
33 136730 41
34 7022 3
35 61039 19
36 26320 18
37 152421 41
38 103782 37
39 35965 11
40 82919 39
41 17759 6
42 7514 4
43 42430 12
44 87299 22
45 27087 22
46 8416 5
47 138045 42
48 75021 24
49 36920 28
50 37048 24
51 121128 37
52 70312 23
53 91634 39
54 27102 10
55 26547 7
56 52151 29
57 84416 29
58 110339 31
59 72091 20
60 114086 42
61 44506 14
62 26791 21
63 91929 32
64 31878 10
65 74187 19
66 39179 21
67 16039 8
68 34777 9
69 99752 38
70 11658 3
71 74585 22
72 43267 18
73 112623 41
74 8464 7
75 5445 2
76 86855 42
77 62816 27
78 58898 25
79 136499 37
80 15629 5
81 17305 7
82 47811 38
83 69579 26
84 81967 24
85 38063 12
86 46222 25
87 142873 36
88 77204 28
89 42320 17
90 14241 7
91 66066 29
92 22052 13
93 56352 29
94 3964 1
95 72309 40
96 79849 23
1
3 19
4
20 30
10 68
41 94
61 78
4
10 73
41 74
3 5
14 41
10
13 53
48 61
44 73
35 77
72 73
4 30
34 81
25 85
84 93
0 70
