83
267
0 25270 12
1 225824 80
2 46213 18
3 164588 76
4 96486 59
5 59677 31
6 180858 55
7 118463 81
8 11245 8
9 140440 47
10 57575 42
11 93986 28
12 118466 31
13 174015 73
14 99722 35
15 192803 76
16 17958 5
17 281745 82
18 157928 62
19 107595 74
20 18012 7
21 69820 57
22 184188 49
23 43678 32
24 154400 80
25 74473 54
26 71006 36
27 97148 36
28 146534 64
29 55844 31
30 243049 61
31 141399 68
32 106762 65
33 41973 34
34 264628 81
35 60534 27
36 101069 32
37 32281 20
38 22983 6
39 88839 36
40 88811 28
41 140310 73
42 46409 26
43 38712 15
44 71997 47
45 135610 64
46 26708 8
47 99426 26
48 51345 22
49 136327 78
50 30709 8
51 267956 70
52 67632 28
53 113510 76
54 191981 48
55 111688 78
56 209535 82
57 129962 46
58 105111 27
59 147536 65
60 76490 31
61 138161 60
62 124280 36
63 14038 7
64 3775 1
65 233839 61
66 39165 12
67 187167 72
68 41269 22
69 97875 75
70 88294 52
71 116999 57
72 129863 44
73 3945 1
74 107038 77
75 217217 82
76 96418 38
77 221246 72
78 59464 18
79 183143 80
80 260414 78
81 236284 79
82 238823 81
83 148665 71
84 145767 39
85 38875 13
86 37641 13
87 110582 64
88 93321 26
89 166057 51
90 119620 50
91 39610 14
92 68543 51
93 105008 71
94 79378 29
95 71544 27
96 254954 68
97 251520 65
98 64417 42
99 149126 59
100 40200 15
101 102347 83
102 58636 16
103 70590 51
104 131498 52
105 178525 64
106 57196 22
107 245496 75
108 3771 1
109 75354 20
110 47653 18
111 33175 22
112 119656 56
113 296288 82
114 22986 10
115 142361 55
116 84622 42
117 204122 69
118 1225 1
119 126865 46
120 32566 11
121 17847 13
122 62005 17
123 46214 22
124 67058 27
125 33784 12
126 147943 41
127 98581 32
128 24109 14
129 52334 31
130 106601 48
131 93842 36
132 106926 83
133 32768 9
134 18037 11
135 62201 46
136 79963 58
137 5295 3
138 94811 46
139 9308 3
140 43227 28
141 176460 52
142 69210 44
143 43082 14
144 298196 77
145 39987 31
146 110105 74
147 42215 34
148 63718 16
149 104074 46
150 65666 19
151 58011 34
152 196130 76
153 108735 42
154 183479 59
155 46161 34
156 161601 58
157 18016 7
158 182884 59
159 52768 14
160 10792 6
161 166238 62
162 317362 82
163 179254 72
164 140429 37
165 186507 72
166 181709 68
167 96346 38
168 319701 82
169 155894 78
170 196435 59
171 18485 9
172 210784 73
173 10578 3
174 144891 45
175 87396 37
176 62457 17
177 157800 83
178 136981 36
179 148500 42
180 27180 21
181 117519 33
182 5608 2
183 234699 83
184 160193 56
185 18990 8
186 119187 45
187 112985 37
188 27796 15
189 86204 62
190 43832 26
191 214769 59
192 7263 3
193 189677 79
194 127508 43
195 109580 64
196 124447 36
197 102058 48
198 19764 7
199 286045 81
200 91575 46
201 118038 65
202 38758 20
203 57601 32
204 14634 4
205 72878 29
206 79259 32
207 255050 64
208 14214 9
209 164324 47
210 108222 75
211 254833 78
212 163324 78
213 30859 8
214 150324 69
215 114278 78
216 49159 18
217 14797 7
218 231962 77
219 243992 67
220 103401 63
221 150419 68
222 6288 2
223 79839 39
224 101798 28
225 249348 82
226 188555 54
227 107446 54
228 138868 69
229 23339 13
230 151781 66
231 103694 44
232 113587 39
233 184075 54
234 70883 20
235 108534 83
236 266974 74
237 61112 23
238 186338 47
239 32904 26
240 83113 58
241 149720 46
242 155132 41
243 239046 71
244 24124 18
245 103422 61
246 125317 56
247 201205 65
248 102695 50
249 213118 70
250 139501 35
251 17051 12
252 184783 58
253 136921 54
254 140841 38
255 33315 20
256 83886 49
257 141709 71
258 257619 75
259 3876 1
260 13625 4
261 52954 17
262 90798 42
263 13383 4
264 115238 61
265 59519 23
266 124700 81
5
12 67
38 74
53 54
24 39
9 76
13
107 128
8 255
81 84
38 258
141 250
103 252
96 147
14 205
65 120
49 90
71 257
20 176
101 137
6
48 203
12 197
55 160
168 224
36 207
47 164
29
167 173
156 162
129 232
23 190
47 213
168 209
157 255
94 127
108 217
86 230
96 196
141 165
71 94
30 67
52 256
35 266
106 179
108 223
209 248
17 133
116 170
113 133
39 259
197 259
55 128
96 266
43 180
83 90
53 196
