54
170
0 90607 39
1 38885 13
2 63237 23
3 94417 27
4 46696 14
5 159067 52
6 99181 39
7 56018 26
8 24981 10
9 33587 15
10 35810 13
11 64831 51
12 11832 4
13 183582 51
14 19612 7
15 76909 54
16 87062 41
17 75528 40
18 30327 13
19 16180 6
20 119515 41
21 3033 2
22 7067 4
23 50070 20
24 68375 46
25 64030 28
26 42076 30
27 106497 51
28 123121 34
29 153152 44
30 64551 20
31 146254 38
32 73669 41
33 35778 17
34 6882 2
35 88181 24
36 3331 2
37 14423 4
38 93446 42
39 24825 7
40 94330 24
41 81052 25
42 38237 17
43 164668 54
44 16153 13
45 56211 32
46 103126 43
47 64289 18
48 58510 20
49 68196 18
50 65597 40
51 97414 25
52 75922 48
53 53433 38
54 160914 44
55 90712 24
56 37157 19
57 23153 7
58 64103 35
59 131656 44
60 60981 35
61 39534 11
62 75431 23
63 27994 22
64 101324 32
65 20491 13
66 72569 41
67 74304 38
68 172003 52
69 141943 42
70 39796 10
71 42348 32
72 102837 42
73 20249 11
74 115654 39
75 19005 5
76 38837 26
77 119202 36
78 3788 2
79 102963 33
80 43080 20
81 115016 36
82 52621 31
83 125637 41
84 2601 2
85 38256 13
86 7745 4
87 176662 49
88 56442 39
89 123434 46
90 46129 21
91 125798 33
92 50002 23
93 134803 53
94 95027 39
95 107870 29
96 45387 14
97 9076 3
98 83397 24
99 14844 7
100 31815 9
101 108882 31
102 174363 47
103 74616 20
104 89567 36
105 64903 35
106 70792 51
107 36773 15
108 161011 46
109 31668 22
110 53865 30
111 99628 28
112 13511 6
113 14384 5
114 19062 12
115 47272 18
116 114672 50
117 108341 33
118 17918 6
119 93845 51
120 52668 43
121 147136 38
122 18242 11
123 1723 1
124 104898 54
125 33560 12
126 28597 12
127 124111 37
128 69467 49
129 70322 39
130 46602 21
131 99495 27
132 136120 38
133 102627 47
134 141914 49
135 79158 34
136 24810 10
137 111458 43
138 15394 8
139 30708 17
140 154042 48
141 74917 29
142 22078 16
143 85921 29
144 58695 47
145 36346 20
146 124439 33
147 15210 6
148 42916 23
149 31638 12
150 18233 6
151 42677 11
152 85406 53
153 10843 7
154 139995 46
155 79556 51
156 72583 37
157 63765 26
158 90469 36
159 65449 43
160 18066 6
161 85034 35
162 102463 39
163 96427 38
164 48585 15
165 4748 3
166 77917 48
167 6001 2
168 133294 39
169 72331 23
3
7 42
7 18
43 50
6
19 37
48 169
57 136
10 165
30 124
62 116
8
37 147
55 63
44 49
20 53
40 60
29 119
78 137
91 117
15
37 46
42 64
66 165
75 158
77 139
37 58
4 46
14 115
43 126
167 168
32 164
31 84
94 111
21 48
49 68
