40
154
0 28240 8
1 114614 30
2 29126 21
3 36826 11
4 33920 19
5 65559 34
6 59723 16
7 50400 26
8 38127 13
9 107796 39
10 6357 3
11 82774 24
12 31463 8
13 28615 8
14 80702 27
15 108020 30
16 89626 39
17 20122 7
18 11075 3
19 67609 24
20 57438 33
21 66843 19
22 23127 8
23 25176 7
24 12945 6
25 14878 7
26 30768 12
27 98965 38
28 44094 20
29 3066 1
30 8043 4
31 96666 30
32 3128 2
33 27199 9
34 83225 24
35 32049 18
36 112853 39
37 9948 4
38 45138 21
39 36974 10
40 73809 19
41 35395 11
42 134523 35
43 75903 23
44 20656 11
45 42364 32
46 56814 29
47 46783 17
48 7042 2
49 130564 33
50 42114 27
51 35209 11
52 43285 26
53 16080 8
54 66787 27
55 34391 10
56 68135 18
57 61689 32
58 57752 26
59 48912 19
60 65549 33
61 2927 2
62 83788 30
63 42837 14
64 37808 28
65 19426 6
66 68515 35
67 67712 33
68 90046 24
69 50282 15
70 9138 5
71 76755 24
72 87494 25
73 53090 16
74 28874 10
75 21050 7
76 74483 28
77 94550 40
78 101322 29
79 73401 36
80 65401 18
81 76826 24
82 21966 14
83 68227 23
84 13190 9
85 33640 17
86 10128 7
87 101136 27
88 83642 23
89 101988 39
90 25249 12
91 23072 18
92 52332 16
93 38615 31
94 42674 26
95 74128 36
96 43441 15
97 68288 30
98 40939 11
99 37699 23
100 22919 10
101 25801 11
102 88340 36
103 78876 23
104 51154 21
105 27619 11
106 46648 25
107 80122 30
108 17477 12
109 10942 3
110 35819 17
111 9931 8
112 109031 39
113 68298 32
114 59624 16
115 33632 9
116 131374 37
117 34219 13
118 49708 36
119 36581 25
120 128527 36
121 124826 34
122 89840 30
123 24915 16
124 67804 23
125 41530 21
126 71967 39
127 103336 36
128 10654 6
129 7548 4
130 115273 36
131 59436 21
132 93532 31
133 54632 30
134 10925 5
135 84303 40
136 54574 29
137 61028 36
138 125224 39
139 70471 22
140 59011 19
141 96307 25
142 78736 31
143 105688 29
144 146242 37
145 57473 29
146 89453 29
147 59795 38
148 50621 27
149 145227 39
150 4009 2
151 26129 14
152 63707 16
153 142529 36
1
29 32
7
47 95
58 151
98 104
48 82
104 130
24 153
49 94
7
64 147
98 139
0 52
12 121
78 86
38 88
69 110
15
105 140
42 46
14 104
58 119
76 79
33 52
28 102
18 51
71 108
56 76
130 138
47 97
4 120
128 146
22 108
