77
231
0 144767 49
1 90010 43
2 153977 56
3 32280 25
4 103983 55
5 58831 41
6 35553 17
7 115344 68
8 155930 62
9 102130 75
10 184068 57
11 122545 70
12 179695 65
13 33165 11
14 97150 31
15 208220 54
16 123348 42
17 40573 29
18 8106 3
19 100276 52
20 64895 29
21 196655 54
22 90039 23
23 66493 19
24 16309 7
25 15865 13
26 113854 31
27 22167 15
28 13491 6
29 58568 32
30 77668 28
31 201939 53
32 85091 53
33 80694 48
34 133597 41
35 92133 50
36 164639 66
37 10851 7
38 18034 7
39 139973 39
40 19139 5
41 33452 22
42 150057 48
43 66888 37
44 182472 59
45 61964 25
46 22439 12
47 106489 54
48 231431 64
49 199355 67
50 266070 70
51 128351 68
52 1584 1
53 11479 3
54 37561 20
55 126404 43
56 11206 7
57 214958 65
58 56432 33
59 84212 34
60 97093 55
61 62305 51
62 116800 37
63 101266 39
64 114055 41
65 55063 40
66 11685 3
67 28413 17
68 9442 5
69 69356 33
70 60357 16
71 138907 67
72 96092 25
73 102377 38
74 150943 38
75 197367 60
76 198480 74
77 60314 28
78 2084 1
79 99926 47
80 151140 40
81 37984 28
82 200467 72
83 205375 53
84 80734 44
85 39616 17
86 22897 12
87 20443 8
88 12640 7
89 28196 9
90 25280 15
91 12301 7
92 47513 19
93 51985 40
94 95252 57
95 96738 25
96 89629 72
97 57606 30
98 7091 2
99 137671 57
100 123635 38
101 95716 24
102 195512 77
103 62993 41
104 34222 22
105 123193 71
106 114056 61
107 7332 2
108 10865 5
109 49159 28
110 74607 34
111 196830 58
112 70158 29
113 200862 72
114 150102 59
115 125859 57
116 234812 77
117 92554 54
118 167578 54
119 47199 26
120 119936 47
121 11799 3
122 11475 9
123 157170 53
124 58068 26
125 108703 43
126 19799 14
127 189052 63
128 83810 40
129 132976 50
130 100452 50
131 21488 17
132 16467 9
133 17603 6
134 178942 47
135 120341 56
136 78317 52
137 155954 46
138 178594 65
139 219762 59
140 197931 77
141 154011 73
142 246730 77
143 59686 15
144 46382 23
145 68081 22
146 237603 71
147 190092 70
148 57848 33
149 109964 74
150 105034 40
151 145140 39
152 67917 56
153 130450 64
154 156090 68
155 32939 26
156 159808 66
157 42242 13
158 156595 47
159 156689 47
160 73368 27
161 2880 2
162 49804 14
163 93711 54
164 152910 54
165 79386 29
166 144485 43
167 102425 45
168 43281 19
169 63820 44
170 84496 33
171 126708 36
172 64305 37
173 167444 53
174 114621 29
175 31865 14
176 100704 35
177 39054 17
178 39691 18
179 8708 7
180 84620 31
181 137951 43
182 47574 15
183 18561 8
184 55929 20
185 63472 28
186 63612 43
187 34012 14
188 198339 63
189 103132 40
190 105015 47
191 22094 12
192 46833 17
193 53256 35
194 239177 70
195 113993 38
196 72543 22
197 181931 61
198 87407 32
199 78707 36
200 74507 43
201 69272 34
202 34699 13
203 164945 50
204 113739 44
205 20143 13
206 150209 72
207 56387 22
208 77207 25
209 46713 35
210 22098 18
211 174069 48
212 131076 37
213 169147 73
214 75050 43
215 7142 2
216 67030 38
217 12013 4
218 99942 57
219 191148 56
220 14355 11
221 186515 60
222 70923 29
223 59181 17
224 191416 62
225 37566 12
226 206420 54
227 113062 40
228 191450 61
229 123607 41
230 58881 40
2
13 14
9 31
18
108 176
17 112
151 227
119 214
5 164
45 138
36 196
168 203
105 215
143 174
42 84
85 176
40 62
100 123
24 43
40 93
24 116
38 182
6
85 198
9 222
29 176
76 79
70 207
44 149
20
53 170
100 120
142 182
5 68
161 198
102 145
28 76
94 138
97 141
73 75
20 114
57 178
74 121
5 61
4 206
5 28
85 108
36 76
10 26
202 209
