96
180
0 75327 19
1 114509 30
2 181874 46
3 160901 43
4 251167 85
5 94549 26
6 59490 15
7 143071 64
8 82886 26
9 74866 53
10 83230 56
11 77328 49
12 126313 60
13 275499 83
14 53233 42
15 51804 19
16 198414 65
17 214595 87
18 87384 65
19 30197 17
20 99112 29
21 13498 10
22 28421 9
23 4842 4
24 169128 70
25 119163 85
26 68268 47
27 95230 28
28 103728 71
29 142381 75
30 277294 96
31 51850 40
32 98364 29
33 145211 82
34 82259 31
35 111261 81
36 30845 8
37 152659 58
38 181531 69
39 8615 6
40 84534 67
41 38174 24
42 101192 31
43 309935 87
44 230259 71
45 140640 65
46 16824 8
47 71261 57
48 23267 17
49 56075 22
50 99172 31
51 36548 13
52 244008 87
53 217315 56
54 217805 57
55 69615 31
56 19565 9
57 309784 94
58 177169 62
59 149265 85
60 137257 37
61 124740 38
62 41509 34
63 63060 28
64 97217 30
65 1565 1
66 145704 51
67 27080 9
68 5399 2
69 199429 58
70 17406 7
71 265026 73
72 68518 35
73 86847 23
74 238884 77
75 72674 33
76 102380 66
77 43537 14
78 75387 49
79 138227 45
80 165530 80
81 97117 34
82 187136 58
83 170785 53
84 218748 91
85 53016 33
86 74074 20
87 223112 70
88 247083 72
89 199834 75
90 329942 91
91 8806 3
92 81226 24
93 348384 93
94 244666 89
95 189112 92
96 17425 5
97 139441 42
98 121734 96
99 5012 4
100 86427 32
101 40955 26
102 37923 27
103 111615 28
104 139888 76
105 126082 45
106 157169 70
107 91907 54
108 351845 89
109 116463 64
110 67915 55
111 180410 46
112 66008 23
113 161809 62
114 1203 1
115 69616 35
116 232242 68
117 282335 71
118 74363 23
119 185578 51
120 216285 73
121 60419 26
122 184296 48
123 186230 76
124 196930 70
125 157763 67
126 133078 56
127 108619 37
128 118186 78
129 138615 95
130 2296 1
131 197202 50
132 269231 84
133 111448 51
134 289092 84
135 21926 8
136 226546 74
137 107674 85
138 280991 87
139 115505 42
140 85981 32
141 169493 69
142 255520 84
143 112195 80
144 118136 91
145 92643 29
146 193855 53
147 257928 94
148 122643 37
149 15563 12
150 51386 33
151 32328 14
152 234010 69
153 80513 42
154 58564 22
155 94644 53
156 163325 46
157 11467 7
158 79771 20
159 26361 16
160 187012 50
161 105703 50
162 114154 41
163 13520 4
164 159816 91
165 91250 40
166 260198 88
167 163491 84
168 51629 22
169 232692 65
170 80736 38
171 42353 14
172 250926 67
173 64631 45
174 329091 93
175 89829 34
176 88915 27
177 301135 87
178 66057 45
179 3765 1
2
61 88
3 94
9
18 62
74 166
28 172
64 144
13 110
27 64
147 179
53 96
95 136
6
38 53
17 117
96 138
31 128
46 132
28 114
17
44 53
40 80
1 153
76 178
106 111
11 49
18 143
45 126
58 117
118 176
3 100
28 67
54 149
48 98
22 25
30 103
53 79
