28
71
0 46016 23
1 73879 25
2 25338 9
3 2606 1
4 70912 24
5 41092 21
6 78651 27
7 76252 24
8 38988 12
9 8970 7
10 50887 13
11 25123 10
12 34084 26
13 29386 18
14 13992 11
15 26196 14
16 5648 3
17 7777 2
18 40725 18
19 20244 7
20 28121 8
21 7253 3
22 54772 22
23 34310 11
24 70822 21
25 43986 21
26 1466 1
27 36024 15
28 50207 21
29 13656 7
30 88163 24
31 1846 1
32 33944 28
33 8827 6
34 9658 3
35 37117 25
36 41108 22
37 63244 28
38 35935 16
39 30540 10
40 80291 26
41 69891 24
42 75628 21
43 60180 23
44 57149 20
45 38947 27
46 13856 8
47 56710 24
48 12818 8
49 7729 5
50 7319 2
51 27599 18
52 70413 19
53 88044 26
54 47485 15
55 16521 13
56 70582 24
57 61818 23
58 12552 7
59 43627 20
60 40861 18
61 52736 22
62 58190 20
63 36591 25
64 55398 15
65 39012 19
66 32895 13
67 65016 18
68 36180 10
69 9944 4
70 68981 19
1
8 22
3
34 65
13 39
9 41
2
43 55
0 13
7
13 42
0 25
39 59
14 66
2 63
30 35
38 65
