69
238
0 35004 25
1 177743 51
2 107532 48
3 164268 59
4 13462 10
5 23130 6
6 43093 33
7 255121 67
8 63701 28
9 47326 12
10 191729 68
11 158035 65
12 27547 15
13 214376 55
14 88028 55
15 44039 14
16 14050 9
17 105735 54
18 12119 4
19 176519 56
20 12936 4
21 145105 42
22 49894 33
23 64418 46
24 42744 16
25 10459 4
26 77318 45
27 4288 2
28 74885 47
29 36430 19
30 2038 1
31 19670 16
32 93982 38
33 14709 4
34 54597 30
35 88312 24
36 49240 15
37 146730 45
38 57860 34
39 8209 4
40 144221 47
41 149911 61
42 118109 38
43 74523 42
44 16561 11
45 235066 69
46 68500 40
47 97315 49
48 35002 17
49 115828 41
50 69419 32
51 66949 24
52 167644 48
53 11533 6
54 10052 3
55 35008 10
56 16326 10
57 143282 54
58 102098 54
59 144126 55
60 66282 46
61 96702 32
62 72766 48
63 165918 49
64 5817 2
65 108241 42
66 81105 27
67 107320 38
68 26554 12
69 34951 14
70 54580 15
71 76144 20
72 174136 58
73 84073 24
74 113006 56
75 97834 32
76 175628 44
77 117773 67
78 115812 46
79 46072 12
80 71030 27
81 3039 1
82 74038 60
83 72732 28
84 59216 15
85 118261 39
86 51800 20
87 97462 61
88 137712 64
89 135823 52
90 5579 3
91 129620 35
92 7208 6
93 91822 33
94 234067 68
95 177745 51
96 33354 14
97 92345 46
98 42375 26
99 7154 5
100 80856 34
101 171900 69
102 53946 16
103 59837 32
104 24393 9
105 82660 38
106 115637 67
107 244800 67
108 102048 27
109 43722 14
110 135437 52
111 103581 38
112 93726 48
113 33280 21
114 44197 16
115 185068 52
116 58274 18
117 93207 39
118 182017 61
119 96084 28
120 207082 63
121 113781 41
122 24148 8
123 65518 39
124 90537 64
125 36948 28
126 117004 46
127 63850 51
128 99021 68
129 35688 11
130 62883 51
131 67194 47
132 58689 15
133 2307 1
134 140902 38
135 54439 30
136 69461 37
137 45243 14
138 157358 59
139 104107 50
140 106874 43
141 106002 56
142 108266 58
143 164456 68
144 34088 17
145 87012 24
146 157460 45
147 172011 50
148 177714 63
149 60515 29
150 121947 57
151 21125 7
152 9834 5
153 41741 11
154 76459 24
155 30508 8
156 42874 23
157 127082 39
158 47962 12
159 145512 37
160 109127 46
161 84940 59
162 254890 67
163 219495 56
164 199303 59
165 131889 33
166 129670 61
167 87648 44
168 8635 6
169 13736 7
170 54507 45
171 131403 38
172 1775 1
173 24816 9
174 114575 29
175 119126 51
176 121354 59
177 132533 44
178 22411 14
179 91526 41
180 202270 69
181 83888 42
182 13352 4
183 13430 6
184 78601 48
185 101149 27
186 78613 45
187 64135 26
188 87724 39
189 181239 67
190 102787 33
191 168291 45
192 43033 31
193 120348 40
194 12301 10
195 200640 59
196 80843 57
197 192989 53
198 186171 59
199 24810 16
200 21101 11
201 25679 13
202 119558 53
203 88622 57
204 212541 55
205 71515 51
206 61532 24
207 133284 63
208 38684 17
209 97090 46
210 95324 56
211 124364 37
212 70081 26
213 203151 57
214 212552 60
215 76523 34
216 38170 30
217 59496 16
218 26909 13
219 130014 54
220 70897 28
221 3393 1
222 191468 66
223 12390 7
224 131430 50
225 56206 16
226 85289 46
227 73440 37
228 45691 31
229 161014 67
230 81018 42
231 183499 48
232 120691 37
233 35397 22
234 6931 2
235 163953 65
236 63028 47
237 46324 17
2
19 22
9 65
12
34 195
52 200
198 234
127 145
178 196
54 60
33 187
59 208
98 194
90 155
33 151
127 161
10
230 234
27 157
6 213
134 152
91 125
79 116
3 56
142 167
41 169
126 225
28
188 207
123 139
80 180
20 217
35 66
102 154
48 180
81 210
74 201
15 98
9 53
80 185
63 191
87 220
112 171
168 185
57 168
66 88
41 171
4 78
91 146
14 138
161 187
38 90
5 125
15 160
6 61
3 11
