71
68
0 4101 2
1 87103 44
2 18844 14
3 148500 56
4 131931 42
5 73309 25
6 97027 53
7 35581 16
8 154969 46
9 188912 61
10 72637 23
11 111257 46
12 174714 56
13 84073 47
14 44076 12
15 26695 17
16 6699 2
17 185830 50
18 88751 31
19 43246 13
20 31728 8
21 124345 38
22 46150 22
23 112253 36
24 55762 16
25 52817 44
26 22899 19
27 36636 12
28 112088 44
29 63019 26
30 178507 48
31 112346 34
32 87842 22
33 174542 58
34 3245 2
35 1638 1
36 146590 43
37 73356 27
38 114156 70
39 156967 65
40 21108 12
41 245615 70
42 141457 37
43 17655 8
44 28783 15
45 111804 57
46 56890 22
47 131800 34
48 55226 22
49 13986 4
50 63081 49
51 25782 16
52 58861 40
53 113499 49
54 89910 33
55 96701 30
56 224734 65
57 106508 48
58 68193 55
59 126064 54
60 89857 37
61 161471 66
62 238058 61
63 138394 60
64 89758 45
65 37422 21
66 95391 29
67 134637 42
4
2 47
36 60
2 31
13 58
5
23 66
25 49
17 42
4 62
52 59
3
47 56
1 25
8 26
5
16 62
11 66
35 51
10 26
2 54
