65
87
0 2161 1
1 15615 5
2 213417 56
3 21594 9
4 77088 50
5 69208 41
6 64278 18
7 12674 5
8 199579 55
9 36478 28
10 59510 20
11 132271 58
12 46367 36
13 98269 43
14 115201 39
15 81690 32
16 122948 64
17 17139 12
18 141836 40
19 226629 65
20 93624 28
21 212031 57
22 22023 17
23 71216 40
24 45330 15
25 183647 58
26 14855 9
27 65822 40
28 34686 9
29 69617 26
30 28098 21
31 56496 33
32 122840 58
33 121797 32
34 26089 10
35 2567 1
36 3384 1
37 83833 35
38 95167 25
39 140696 39
40 161516 52
41 93491 58
42 16957 7
43 7175 2
44 132613 58
45 133277 59
46 138302 48
47 134743 64
48 15092 11
49 18339 6
50 39166 27
51 86300 26
52 89518 64
53 35837 11
54 4894 2
55 31418 19
56 77757 47
57 38329 14
58 142148 45
59 14497 10
60 64561 27
61 104768 56
62 10625 5
63 6024 2
64 42052 12
65 82601 65
66 111268 53
67 78809 30
68 19367 6
69 52245 14
70 30807 14
71 117102 44
72 52086 43
73 36684 19
74 117789 39
75 124479 47
76 42287 15
77 6122 2
78 126753 34
79 36749 10
80 136962 37
81 42878 16
82 73993 59
83 25967 10
84 27406 22
85 111626 43
86 217842 62
5
23 32
4 17
8 47
24 44
23 39
3
82 86
13 41
20 74
2
19 63
75 76
5
19 80
33 58
36 76
53 58
22 53
