82
89
0 64816 27
1 37214 31
2 15104 10
3 61101 28
4 165817 57
5 171746 69
6 149322 45
7 97545 79
8 169147 56
9 185563 49
10 150546 54
11 24473 20
12 61031 28
13 166566 52
14 52521 17
15 129002 35
16 228284 72
17 20855 6
18 75155 42
19 10395 3
20 73707 42
21 33813 15
22 100975 41
23 90697 41
24 54378 24
25 156325 76
26 87360 49
27 124935 50
28 47848 39
29 68243 24
30 140953 47
31 167395 66
32 198440 76
33 116351 57
34 65227 45
35 86293 32
36 108823 47
37 11344 5
38 259487 66
39 123094 82
40 123495 48
41 252598 73
42 6189 4
43 60943 36
44 140741 57
45 55202 38
46 103042 69
47 128951 77
48 122610 76
49 28235 9
50 116475 32
51 13857 8
52 174589 72
53 20590 13
54 71132 18
55 134676 74
56 71559 45
57 110015 34
58 145994 61
59 108921 32
60 2406 1
61 79366 28
62 81354 26
63 162646 64
64 41273 33
65 298910 77
66 40177 19
67 75859 30
68 65205 39
69 80969 32
70 60760 20
71 21434 12
72 165259 64
73 117211 79
74 74553 30
75 27808 21
76 45203 36
77 6091 4
78 81973 40
79 105058 41
80 100343 54
81 275629 79
82 249858 68
83 56928 15
84 182699 54
85 94701 46
86 213576 74
87 45899 14
88 95498 55
2
13 55
39 57
3
21 33
50 77
16 72
4
24 52
17 20
11 66
24 29
8
38 46
37 58
62 64
5 76
35 43
37 55
63 71
2 75
