29
55
0 3458 2
1 3169 2
2 17352 8
3 67268 24
4 33695 26
5 10874 7
6 104551 29
7 49834 23
8 20901 10
9 104536 27
10 23439 13
11 31105 15
12 30717 9
13 23508 8
14 14564 8
15 2235 1
16 58110 24
17 57746 15
18 88674 26
19 72386 21
20 82416 23
21 9626 7
22 2214 1
23 38955 11
24 20342 10
25 4708 2
26 15657 9
27 34406 24
28 13017 10
29 44001 21
30 59546 22
31 88100 25
32 24617 14
33 85059 25
34 20257 7
35 18308 7
36 27380 19
37 30942 17
38 25851 12
39 22602 13
40 76933 23
41 41884 18
42 34450 16
43 67583 17
44 2173 1
45 2833 1
46 67867 20
47 87523 22
48 95262 29
49 40856 29
50 47276 17
51 62326 27
52 81941 28
53 35265 20
54 12861 7
1
3 19
3
16 38
30 54
18 45
2
10 37
8 51
3
8 44
9 15
20 49
