95
330
0 31615 23
1 125363 55
2 95826 61
3 90125 35
4 10658 6
5 49630 30
6 73438 27
7 57885 33
8 364469 94
9 107283 80
10 15006 9
11 46157 17
12 29349 8
13 253650 74
14 69453 21
15 331668 84
16 195280 63
17 274335 86
18 187458 95
19 153276 61
20 91832 28
21 111837 78
22 143971 82
23 92466 30
24 26521 7
25 128906 36
26 37850 20
27 162325 87
28 72072 33
29 85721 53
30 195394 94
31 38829 18
32 77794 24
33 263143 69
34 67567 25
35 205869 71
36 147077 39
37 259687 79
38 88467 39
39 182145 66
40 23998 11
41 278120 78
42 121069 50
43 300013 85
44 32091 20
45 238979 71
46 209400 63
47 173045 73
48 324128 83
49 262470 87
50 28298 15
51 61234 24
52 295010 77
53 38766 11
54 80032 29
55 39248 24
56 183696 77
57 82955 33
58 174978 44
59 13219 6
60 27103 10
61 1318 1
62 116561 33
63 162185 44
64 18446 11
65 20605 6
66 260305 74
67 119563 62
68 147826 73
69 24362 7
70 81338 27
71 89950 29
72 42681 34
73 57923 32
74 118265 65
75 13358 11
76 167116 73
77 63269 25
78 175326 89
79 100631 43
80 268407 81
81 142266 50
82 168331 79
83 109911 35
84 207807 79
85 100916 42
86 12437 6
87 13397 10
88 37530 11
89 72089 40
90 71003 31
91 10948 9
92 80723 51
93 143492 78
94 61388 20
95 133110 38
96 176228 76
97 85883 36
98 78820 39
99 18097 8
100 98130 71
101 20951 10
102 298618 75
103 30825 13
104 152210 68
105 114133 77
106 72107 24
107 163059 63
108 77901 35
109 211345 88
110 94533 58
111 197223 54
112 119035 60
113 55493 15
114 304871 91
115 57649 46
116 48586 33
117 52882 20
118 70397 28
119 42732 32
120 141826 59
121 43822 25
122 196104 54
123 116130 41
124 117143 57
125 190500 52
126 37543 16
127 199810 74
128 283110 86
129 89275 24
130 162341 51
131 78860 41
132 63765 17
133 125723 35
134 99291 58
135 107439 61
136 259859 80
137 238748 64
138 8738 3
139 90085 67
140 169866 46
141 34843 19
142 131916 80
143 3184 2
144 182268 71
145 66203 35
146 49433 40
147 112943 84
148 345409 90
149 48220 21
150 139309 58
151 6824 5
152 48357 13
153 168103 81
154 22833 8
155 161924 91
156 125678 48
157 24770 8
158 143055 84
159 197585 94
160 93824 30
161 71497 24
162 126211 91
163 158261 58
164 53494 23
165 79741 41
166 123300 59
167 155615 95
168 95146 70
169 49745 29
170 193970 64
171 54098 30
172 163884 71
173 258210 66
174 225770 65
175 67797 23
176 60085 24
177 132652 39
178 52384 40
179 175684 46
180 275934 69
181 53827 30
182 3519 2
183 59195 17
184 19131 8
185 252255 88
186 110887 46
187 173492 66
188 206245 85
189 115720 48
190 167714 60
191 67152 40
192 20442 7
193 224625 64
194 30510 24
195 154564 86
196 211345 68
197 51409 13
198 147786 88
199 175714 49
200 147844 42
201 126152 91
202 18844 12
203 261479 92
204 253898 91
205 106080 37
206 31831 21
207 124756 37
208 26586 8
209 263426 85
210 60339 17
211 19369 16
212 54816 33
213 141543 43
214 128335 87
215 144775 87
216 135722 46
217 297851 83
218 82712 25
219 92885 54
220 23981 15
221 15630 8
222 145123 92
223 141953 55
224 235206 93
225 151108 91
226 329619 94
227 88016 23
228 72736 38
229 113736 54
230 23140 8
231 284547 95
232 54420 22
233 122581 93
234 105301 61
235 26714 12
236 156412 47
237 73594 55
238 137661 78
239 55273 21
240 91795 52
241 31147 10
242 80156 38
243 167117 76
244 77510 45
245 145232 55
246 100630 76
247 90703 38
248 194167 84
249 114171 30
250 25119 11
251 204359 56
252 279385 86
253 193051 83
254 49824 25
255 35119 11
256 49449 28
257 197855 62
258 54482 19
259 77278 30
260 137025 83
261 231007 75
262 195390 67
263 183853 85
264 22522 8
265 195929 65
266 137832 51
267 18271 10
268 60800 23
269 182922 51
270 66180 19
271 61852 17
272 249846 66
273 244218 75
274 138019 95
275 146989 85
276 346540 88
277 98633 73
278 107881 64
279 199032 87
280 20994 11
281 90412 47
282 121157 83
283 246798 63
284 202428 78
285 26059 7
286 105056 47
287 45325 17
288 107018 73
289 321311 88
290 190736 67
291 55537 35
292 63700 45
293 49914 20
294 157783 64
295 47312 23
296 41263 13
297 118550 91
298 185038 63
299 83980 29
300 115384 35
301 22959 17
302 132583 50
303 41204 18
304 128761 43
305 213554 86
306 200847 67
307 149141 45
308 197308 65
309 182900 74
310 49597 23
311 49645 19
312 18145 10
313 48303 36
314 255930 88
315 80753 22
316 58804 35
317 116894 53
318 240490 83
319 66677 23
320 150230 54
321 29791 13
322 57988 35
323 158479 77
324 134369 65
325 344897 89
326 31598 25
327 9289 5
328 221070 93
329 125884 36
3
23 33
19 72
54 86
23
102 177
179 197
136 256
169 192
115 203
127 317
66 236
150 258
100 282
114 173
114 133
175 235
169 307
299 312
23 196
134 171
231 323
35 269
150 215
247 284
178 305
81 179
297 305
14
225 294
154 314
14 59
137 175
202 269
123 241
112 123
199 322
130 276
199 252
108 279
55 217
123 130
15 148
17
207 209
51 169
194 269
164 278
171 270
237 293
173 238
93 100
4 318
242 285
142 203
34 153
51 105
133 298
133 182
26 283
9 155
