64
112
0 76889 34
1 45914 16
2 6108 5
3 159876 54
4 30920 9
5 79704 22
6 17889 7
7 35550 12
8 26691 14
9 74292 23
10 11678 7
11 120149 36
12 106674 36
13 22516 8
14 63672 28
15 97601 63
16 29387 9
17 59338 28
18 86431 46
19 96610 55
20 114806 62
21 102351 39
22 63042 43
23 5746 2
24 57432 37
25 51837 18
26 26225 15
27 28720 15
28 11315 6
29 80808 36
30 103664 29
31 135867 34
32 98908 43
33 132507 49
34 31092 10
35 66901 20
36 28620 20
37 149061 64
38 145040 50
39 94971 59
40 91289 56
41 6306 4
42 120371 53
43 63864 29
44 199894 64
45 44290 12
46 128187 34
47 206985 53
48 165988 49
49 113468 29
50 63726 19
51 123525 36
52 61939 31
53 154489 45
54 113336 46
55 123249 31
56 38812 21
57 42129 27
58 2344 1
59 36373 27
60 124218 36
61 96074 34
62 92267 24
63 24314 15
64 6029 4
65 68693 29
66 39078 16
67 9575 5
68 19577 11
69 10669 6
70 122764 41
71 107207 60
72 111859 32
73 108148 34
74 98053 50
75 202559 60
76 129542 44
77 178066 51
78 201725 63
79 65963 27
80 89745 27
81 97285 36
82 66752 35
83 96678 29
84 57744 24
85 3673 1
86 10000 4
87 53362 35
88 156392 41
89 23665 14
90 45112 24
91 142412 45
92 149594 48
93 56092 27
94 130073 57
95 52592 30
96 19456 9
97 83033 26
98 2862 2
99 48577 40
100 192334 50
101 153960 61
102 23571 8
103 17035 7
104 24800 7
105 116393 59
106 45508 17
107 38318 17
108 67884 27
109 121737 47
110 10321 8
111 164860 64
2
41 43
16 36
7
49 62
11 107
31 45
62 88
78 105
23 87
53 66
3
19 26
29 32
32 36
11
37 44
61 109
90 103
46 53
50 86
11 40
9 78
2 66
50 64
21 25
43 85
