52
137
0 24915 12
1 59648 28
2 63662 20
3 117855 35
4 5695 4
5 19557 15
6 145162 37
7 150560 43
8 62583 24
9 116134 30
10 41085 19
11 84186 34
12 45934 24
13 16538 5
14 105148 29
15 12790 8
16 17388 10
17 53587 22
18 52125 14
19 67875 17
20 68660 23
21 44240 23
22 41025 33
23 49078 34
24 106718 43
25 66163 43
26 137555 37
27 92621 27
28 80622 51
29 83730 48
30 175843 47
31 68416 41
32 54197 25
33 105979 27
34 9239 3
35 70093 28
36 32047 19
37 21732 6
38 83100 35
39 111816 52
40 130488 36
41 72754 51
42 47130 15
43 190516 48
44 50284 27
45 113961 36
46 6824 3
47 59226 19
48 34179 14
49 13212 4
50 66088 24
51 47224 25
52 6760 3
53 87382 40
54 46171 14
55 23010 19
56 10615 3
57 105752 28
58 178073 45
59 1882 1
60 66333 44
61 83724 24
62 35615 15
63 165271 50
64 86018 33
65 64740 37
66 80323 47
67 39289 21
68 57099 43
69 80443 26
70 43187 18
71 48636 13
72 154339 46
73 56424 16
74 120015 38
75 11648 3
76 125933 51
77 35213 14
78 41668 11
79 43968 12
80 20862 15
81 14793 6
82 83281 26
83 37216 28
84 32140 10
85 69336 19
86 143271 52
87 56234 42
88 71143 37
89 55863 20
90 44792 25
91 136306 40
92 153815 52
93 22201 6
94 58143 24
95 124250 40
96 5256 3
97 70781 23
98 61016 30
99 42952 20
100 83582 48
101 60770 50
102 16987 5
103 103837 39
104 48059 13
105 48829 14
106 131940 36
107 162657 47
108 102767 34
109 18257 11
110 3349 1
111 45694 30
112 74352 27
113 103373 47
114 18348 6
115 117157 30
116 47665 13
117 157058 44
118 39087 27
119 21404 11
120 58073 19
121 66583 19
122 110941 28
123 3887 1
124 47416 32
125 75367 31
126 178794 47
127 125444 44
128 91692 24
129 57163 40
130 90799 42
131 44226 14
132 82102 30
133 53770 29
134 186275 50
135 37236 24
136 62854 17
4
13 36
8 37
33 42
18 41
6
20 45
1 116
71 123
1 46
90 111
77 111
3
8 12
11 63
23 108
15
11 96
53 120
29 68
4 44
12 121
4 17
37 64
40 112
55 61
4 56
15 114
84 125
18 38
12 15
14 58
