90
298
0 131145 52
1 15416 4
2 105491 67
3 24131 11
4 180393 46
5 46492 13
6 8527 5
7 244379 67
8 49223 37
9 2742 1
10 73360 44
11 267646 71
12 33322 19
13 78673 23
14 67150 21
15 169191 88
16 182054 80
17 12712 4
18 275049 81
19 72778 51
20 66295 29
21 172213 82
22 73884 43
23 83348 31
24 56246 29
25 186146 54
26 92575 47
27 63530 50
28 63450 21
29 2797 1
30 37356 23
31 4012 3
32 117258 42
33 1356 1
34 12066 7
35 249094 74
36 73808 19
37 68144 20
38 65731 49
39 179163 54
40 267543 73
41 144819 43
42 56465 32
43 113196 47
44 187759 69
45 16253 10
46 155505 53
47 43881 13
48 131594 56
49 173275 61
50 86552 29
51 121776 31
52 178486 62
53 108092 75
54 75759 33
55 179064 68
56 89695 70
57 253928 78
58 135332 61
59 48482 36
60 179097 79
61 89160 51
62 95571 69
63 69558 19
64 68224 51
65 167850 54
66 94677 56
67 229183 59
68 114304 60
69 48714 22
70 180966 61
71 63879 21
72 144254 37
73 107495 65
74 148149 48
75 63996 19
76 155618 46
77 238421 61
78 94530 67
79 64968 26
80 75012 23
81 175110 75
82 95422 38
83 109269 82
84 117877 38
85 76349 56
86 213222 88
87 91173 35
88 77865 27
89 30260 18
90 58182 15
91 76926 46
92 11854 4
93 193237 74
94 91967 60
95 285924 83
96 126001 88
97 208845 55
98 121454 71
99 36424 22
100 53957 27
101 39895 30
102 117135 68
103 170378 64
104 288906 80
105 138306 37
106 141278 43
107 45995 16
108 61551 34
109 135110 44
110 164976 65
111 265031 69
112 47450 19
113 166417 72
114 86819 31
115 105152 45
116 207298 61
117 101752 40
118 89214 53
119 145973 88
120 23122 19
121 246099 75
122 283069 82
123 108400 67
124 312284 90
125 282595 83
126 99699 27
127 35477 15
128 298668 89
129 139007 79
130 81181 49
131 6171 5
132 41734 15
133 157854 62
134 46463 14
135 124154 48
136 230741 86
137 56846 30
138 231006 72
139 37576 10
140 123240 66
141 15338 4
142 83983 22
143 187591 67
144 266785 78
145 89833 27
146 211772 88
147 43574 34
148 126397 76
149 104914 50
150 216496 57
151 20689 7
152 40954 12
153 82152 43
154 197413 65
155 22926 6
156 122687 80
157 108519 35
158 219986 63
159 202908 83
160 142748 61
161 58916 24
162 179504 70
163 45021 21
164 311600 78
165 52744 19
166 13044 9
167 177486 62
168 195074 73
169 110580 72
170 104014 34
171 50532 30
172 64090 38
173 81080 47
174 64751 18
175 31408 8
176 60036 18
177 138436 72
178 1335 1
179 190941 52
180 134861 89
181 219881 61
182 168649 45
183 167171 44
184 15937 13
185 66907 31
186 158456 64
187 72640 36
188 6460 2
189 179312 46
190 168557 66
191 19479 12
192 123191 40
193 125311 55
194 157519 48
195 37980 19
196 70524 37
197 247416 62
198 92280 46
199 93913 50
200 45492 16
201 120769 46
202 133138 61
203 286738 84
204 151644 48
205 139921 56
206 182693 46
207 136614 52
208 48239 14
209 61410 38
210 110039 58
211 176274 45
212 62902 32
213 118244 44
214 50414 30
215 206238 88
216 181849 50
217 200251 66
218 249628 73
219 87135 29
220 159580 65
221 136589 63
222 117084 41
223 106030 88
224 45317 12
225 100877 41
226 92538 30
227 27254 7
228 20520 6
229 31666 12
230 74035 26
231 35012 23
232 76530 24
233 8629 4
234 7465 6
235 59981 49
236 28034 17
237 252427 78
238 41890 26
239 123827 60
240 3330 1
241 317802 80
242 82305 54
243 129234 69
244 65746 30
245 164920 54
246 73296 61
247 122277 56
248 69599 49
249 165400 79
250 14348 4
251 146255 45
252 146027 48
253 223390 87
254 134826 83
255 227936 77
256 30896 12
257 23582 14
258 45162 35
259 143997 89
260 298404 80
261 137626 85
262 113087 49
263 261822 74
264 75631 41
265 197972 54
266 109546 65
267 114064 72
268 345629 89
269 105849 61
270 196559 66
271 120038 61
272 214395 59
273 69692 44
274 131498 54
275 79391 49
276 220098 73
277 159090 43
278 95480 30
279 84412 32
280 181952 62
281 12123 4
282 3462 1
283 179336 52
284 91093 29
285 70389 31
286 198943 62
287 37759 19
288 142723 57
289 183850 47
290 131409 77
291 259837 67
292 26694 12
293 114669 39
294 273665 81
295 23066 16
296 46466 20
297 11479 5
2
20 79
49 59
16
96 210
98 254
85 200
24 173
96 266
93 167
265 277
77 222
252 292
109 225
16 124
162 249
100 284
0 22
31 68
124 226
7
55 114
217 264
146 173
98 252
83 190
182 285
200 224
32
162 224
34 239
75 112
58 79
201 237
107 276
23 188
10 207
44 106
211 291
210 276
2 107
69 271
158 250
194 278
33 275
40 252
7 104
184 214
42 159
11 122
14 262
78 188
132 238
56 228
112 142
195 196
173 259
116 135
22 45
79 161
248 288
