83
48
0 75842 33
1 36087 17
2 48082 21
3 142363 44
4 136121 65
5 114533 31
6 13586 6
7 212108 70
8 103243 48
9 184088 51
10 130078 64
11 212815 58
12 139184 50
13 51849 30
14 201695 67
15 136203 54
16 60469 41
17 25466 13
18 318433 83
19 99679 29
20 129956 69
21 24663 8
22 91808 24
23 22103 17
24 61679 31
25 35343 26
26 98614 44
27 155576 62
28 125648 43
29 93943 43
30 23113 11
31 204562 82
32 34604 10
33 237606 63
34 181805 82
35 183091 76
36 91885 56
37 20242 16
38 58913 20
39 183788 73
40 40404 31
41 31540 11
42 36932 14
43 166680 55
44 87802 38
45 89963 62
46 73003 31
47 105828 43
3
7 41
9 10
5 40
2
8 36
3 47
1
19 37
5
16 38
14 46
33 41
20 35
8 39
