53
194
0 142032 41
1 26696 11
2 63056 43
3 25159 7
4 59459 30
5 14138 7
6 7388 3
7 55829 17
8 63976 43
9 24998 17
10 54613 42
11 126177 33
12 3761 1
13 97728 49
14 189625 48
15 20620 8
16 35384 20
17 148431 41
18 7494 6
19 180508 52
20 75322 40
21 56195 27
22 109857 32
23 99529 44
24 69685 39
25 32093 10
26 65596 17
27 186887 47
28 46020 38
29 117032 49
30 184183 51
31 99236 31
32 142764 45
33 7057 4
34 40799 27
35 87217 47
36 139418 50
37 135025 46
38 37700 25
39 123605 42
40 21622 15
41 23188 11
42 35952 15
43 8375 3
44 26775 11
45 159337 40
46 28559 14
47 89748 50
48 68522 21
49 35857 12
50 98841 29
51 84804 23
52 15233 4
53 136503 45
54 130679 45
55 80439 28
56 37373 10
57 119365 35
58 1217 1
59 73933 22
60 24348 20
61 4045 2
62 126516 33
63 11329 6
64 152967 46
65 41031 17
66 95266 24
67 184709 50
68 100134 36
69 93336 31
70 124881 36
71 46178 13
72 101917 26
73 93895 35
74 115590 36
75 108484 29
76 53470 16
77 56432 21
78 107188 31
79 69037 31
80 11250 6
81 82939 34
82 39545 13
83 1845 1
84 24541 16
85 124634 35
86 48143 18
87 15033 6
88 135240 39
89 43220 33
90 52743 41
91 95860 25
92 40653 19
93 121197 31
94 55333 29
95 84283 29
96 111103 36
97 31398 9
98 8498 3
99 109739 52
100 56582 15
101 179860 51
102 98157 33
103 136541 35
104 64279 53
105 46699 30
106 51294 14
107 142137 53
108 63606 31
109 8250 5
110 13267 4
111 144779 48
112 85431 30
113 123494 40
114 35231 11
115 23489 7
116 77791 38
117 13667 7
118 135456 51
119 86096 48
120 19911 6
121 21948 12
122 137030 44
123 75077 36
124 25530 11
125 129755 43
126 142103 37
127 47360 16
128 87315 32
129 146358 43
130 46518 37
131 22980 6
132 42548 29
133 108415 30
134 154581 44
135 83909 25
136 48346 30
137 49649 33
138 73844 41
139 4997 2
140 18468 13
141 3907 1
142 67416 43
143 112104 29
144 110798 40
145 46851 14
146 54522 29
147 61401 20
148 83069 50
149 14727 7
150 65354 19
151 141162 40
152 95331 49
153 69507 38
154 53043 44
155 62836 45
156 25640 20
157 57871 24
158 115099 40
159 72783 22
160 111286 30
161 115041 29
162 106767 47
163 18751 12
164 168713 51
165 26978 22
166 46713 12
167 14433 4
168 14056 6
169 115915 49
170 129656 37
171 48276 15
172 80920 27
173 84493 37
174 76951 35
175 54742 32
176 3279 1
177 90799 30
178 138962 35
179 86362 23
180 57431 40
181 45099 29
182 88897 32
183 95765 53
184 3614 3
185 42424 18
186 174337 50
187 6755 4
188 112083 34
189 47438 36
190 46778 20
191 56903 26
192 68326 28
193 61135 37
4
25 45
20 49
3 18
26 32
9
169 183
34 153
40 108
105 173
75 118
86 138
138 191
20 164
15 135
5
1 68
16 94
60 134
36 72
78 188
22
71 180
11 150
126 134
27 57
52 123
31 39
1 146
43 157
31 102
14 36
0 65
34 145
137 190
20 79
131 137
10 65
9 153
93 129
104 105
182 193
13 168
51 172
