74
183
0 255392 71
1 146367 41
2 11828 7
3 61035 22
4 11554 6
5 66562 31
6 155261 49
7 58326 43
8 147474 53
9 114825 48
10 100383 40
11 140130 72
12 79528 46
13 98960 54
14 122107 43
15 75487 59
16 52325 25
17 37244 12
18 147070 39
19 40258 23
20 50160 15
21 11947 3
22 36828 14
23 64407 20
24 211464 62
25 176071 57
26 2469 2
27 27901 8
28 69769 31
29 141582 42
30 214440 68
31 91470 31
32 81555 25
33 275299 73
34 69190 48
35 69066 23
36 33809 15
37 53748 43
38 83471 61
39 43087 28
40 249016 65
41 160508 63
42 109628 59
43 71658 18
44 34405 14
45 145639 71
46 87983 30
47 237559 72
48 40369 17
49 27107 11
50 153250 51
51 8263 5
52 67720 28
53 58395 20
54 41735 25
55 13746 10
56 15290 7
57 31741 16
58 51758 27
59 15593 6
60 32777 12
61 73830 25
62 107526 53
63 64620 37
64 30275 10
65 127312 54
66 8025 3
67 121932 64
68 55082 18
69 104011 62
70 103269 65
71 25082 7
72 94256 43
73 59515 39
74 66521 17
75 3347 1
76 106798 46
77 242363 62
78 54306 21
79 86505 31
80 42466 23
81 67129 25
82 180168 73
83 119446 31
84 80666 66
85 24412 10
86 174075 46
87 161941 48
88 50237 28
89 95150 25
90 42964 27
91 46710 33
92 101121 53
93 93832 57
94 180359 56
95 47770 21
96 133249 47
97 141289 41
98 196040 52
99 142448 59
100 42677 26
101 130485 70
102 232523 65
103 127200 33
104 26633 21
105 82331 49
106 120625 39
107 206215 65
108 98756 40
109 84470 52
110 143892 47
111 140495 52
112 122313 43
113 13405 10
114 62399 36
115 202066 58
116 78039 55
117 92231 28
118 88632 23
119 150419 51
120 149519 58
121 20562 8
122 87978 23
123 156578 74
124 24198 16
125 36887 30
126 135106 57
127 59700 26
128 62164 28
129 83936 25
130 10225 5
131 201645 71
132 87054 39
133 59879 32
134 13810 7
135 92632 36
136 209768 72
137 90198 38
138 89457 44
139 37217 27
140 45459 20
141 43743 13
142 75274 22
143 62494 48
144 112883 57
145 9894 3
146 40655 15
147 49053 22
148 97998 66
149 164572 73
150 66325 42
151 244680 69
152 34200 11
153 206588 53
154 105218 65
155 120938 63
156 57045 18
157 79799 47
158 49217 21
159 139063 67
160 29060 9
161 54481 23
162 147084 56
163 161476 57
164 34043 13
165 82542 44
166 69570 24
167 62386 16
168 50450 36
169 94939 38
170 54972 25
171 170308 70
172 87507 47
173 224293 74
174 81968 45
175 263875 73
176 257398 68
177 71001 28
178 48666 19
179 105559 47
180 62153 24
181 8869 4
182 136434 43
3
13 18
19 36
3 34
8
136 175
56 87
41 91
88 136
28 149
14 90
61 90
138 162
9
164 173
106 153
9 171
25 54
144 159
114 119
75 165
23 127
0 173
11
162 182
22 48
13 113
99 101
82 136
32 80
9 34
10 113
34 152
14 59
75 152
