38
66
0 52957 27
1 55898 16
2 29851 9
3 37611 11
4 53541 16
5 76337 20
6 6175 2
7 19687 13
8 54395 27
9 96260 25
10 57851 25
11 99889 25
12 105442 34
13 12554 7
14 7581 6
15 7545 6
16 45143 16
17 70948 29
18 77658 27
19 65049 26
20 18485 5
21 32403 11
22 32955 16
23 4479 3
24 48386 33
25 67435 29
26 52427 29
27 77500 33
28 3650 1
29 23508 10
30 51653 23
31 56882 20
32 29156 17
33 6327 2
34 41611 13
35 57433 22
36 52860 20
37 26379 9
38 75800 19
39 49272 22
40 81886 25
41 98195 38
42 78646 33
43 75233 37
44 43867 13
45 34177 14
46 61542 33
47 57984 33
48 110495 34
49 124464 33
50 81989 31
51 48804 17
52 53898 20
53 47636 34
54 32442 13
55 45014 30
56 4048 2
57 16800 7
58 2087 1
59 25776 12
60 63884 24
61 3962 1
62 2569 2
63 40438 11
64 77875 20
65 44958 16
1
23 31
4
11 45
14 55
3 22
1 34
2
26 45
25 49
5
23 40
22 63
19 64
29 52
0 6
