87
254
0 104952 39
1 169853 69
2 150307 52
3 135883 52
4 4153 2
5 150322 60
6 174747 52
7 32123 17
8 124302 62
9 67329 22
10 40214 25
11 107877 35
12 120943 65
13 139685 76
14 229128 85
15 50740 16
16 95288 32
17 44034 24
18 25304 7
19 17518 5
20 20591 12
21 127203 76
22 59693 19
23 79468 27
24 82580 47
25 40285 13
26 108528 63
27 126764 43
28 133658 67
29 152262 78
30 241846 77
31 226485 57
32 56910 37
33 49018 18
34 27952 13
35 32060 17
36 78126 35
37 189508 87
38 55602 22
39 124396 44
40 21520 13
41 64219 51
42 15780 8
43 109842 44
44 81771 32
45 98481 55
46 60186 43
47 233790 62
48 154640 64
49 88681 32
50 20900 8
51 73753 43
52 32493 12
53 72429 59
54 259977 80
55 81325 21
56 70943 19
57 235129 72
58 141944 44
59 88522 59
60 131246 50
61 146247 60
62 11426 4
63 12265 4
64 26639 15
65 89995 39
66 126336 39
67 56060 20
68 70213 57
69 178702 78
70 51138 20
71 9694 4
72 89983 23
73 129870 74
74 27001 11
75 197904 66
76 250995 69
77 49135 18
78 70131 44
79 180661 72
80 135376 76
81 16244 11
82 53127 32
83 93900 26
84 150995 84
85 10963 4
86 86243 43
87 132520 46
88 97655 33
89 90460 67
90 106428 40
91 125613 56
92 77092 61
93 236658 67
94 149528 51
95 107356 28
96 92487 45
97 36803 21
98 69375 36
99 42301 16
100 99261 49
101 153174 39
102 121240 33
103 83094 22
104 69659 52
105 340808 86
106 38976 10
107 79961 24
108 84132 53
109 34170 10
110 153127 73
111 100467 69
112 76069 28
113 215848 58
114 301779 78
115 26711 13
116 75395 21
117 247829 78
118 106274 78
119 136602 57
120 103936 28
121 25774 8
122 12551 10
123 113586 84
124 141710 77
125 58681 22
126 154239 85
127 156658 67
128 282952 74
129 110575 73
130 48425 20
131 84215 70
132 183662 80
133 182012 84
134 143292 70
135 169637 75
136 7101 2
137 156409 53
138 22771 10
139 143670 36
140 161571 45
141 35286 13
142 126683 73
143 60227 46
144 7658 2
145 306917 77
146 64621 52
147 128399 56
148 216693 56
149 149044 60
150 1918 1
151 207893 74
152 100507 69
153 303147 83
154 7879 2
155 10178 6
156 46181 17
157 105942 50
158 106627 29
159 18753 14
160 20127 6
161 136582 52
162 81597 22
163 65694 49
164 186783 86
165 207291 81
166 133088 67
167 172594 66
168 156903 77
169 112853 87
170 193891 54
171 244418 66
172 14952 7
173 112794 44
174 54647 24
175 38276 28
176 46821 26
177 144867 38
178 93647 42
179 152110 40
180 34629 19
181 277692 74
182 137075 54
183 22136 8
184 55280 15
185 119347 64
186 116989 49
187 165088 53
188 57106 17
189 213214 81
190 276549 80
191 68460 47
192 261299 83
193 141295 68
194 100841 28
195 189863 52
196 109742 29
197 30904 11
198 28045 15
199 46279 22
200 10028 4
201 26598 15
202 263154 80
203 243885 68
204 83340 24
205 41330 33
206 92500 47
207 14283 6
208 139193 57
209 80520 54
210 115646 32
211 67323 35
212 140112 44
213 34369 14
214 172882 63
215 53219 38
216 132172 34
217 40338 14
218 69927 37
219 83287 44
220 63317 31
221 79604 25
222 54257 16
223 126736 33
224 49097 22
225 68242 51
226 258186 69
227 21412 6
228 34642 15
229 98201 26
230 143330 39
231 42652 11
232 49576 14
233 210926 55
234 78723 46
235 75065 19
236 38016 16
237 68402 38
238 152793 63
239 109046 32
240 270810 75
241 47382 31
242 124925 62
243 111099 46
244 84953 35
245 26004 14
246 236466 60
247 120406 45
248 24508 17
249 175932 59
250 157995 62
251 176477 79
252 111351 62
253 50380 37
4
8 52
59 75
8 22
14 50
15
59 74
27 160
108 241
160 242
149 246
75 250
138 232
7 144
12 103
189 252
105 134
58 94
198 227
41 62
166 167
8
27 243
29 137
37 154
75 91
124 130
63 110
38 199
153 238
29
153 225
47 248
46 87
168 194
5 222
38 85
26 131
80 155
63 228
26 188
190 228
143 248
26 236
174 188
122 133
157 178
236 238
73 126
85 225
23 157
10 53
162 236
66 103
131 181
56 87
150 253
87 231
66 185
190 200
