58
172
0 135301 43
1 30402 24
2 64933 48
3 15911 5
4 130375 50
5 82653 38
6 102134 28
7 71490 42
8 88548 29
9 70596 26
10 82625 40
11 4560 2
12 158516 52
13 107375 50
14 48347 22
15 82586 30
16 106771 29
17 109595 44
18 46462 12
19 151107 50
20 34989 19
21 47253 13
22 41809 12
23 71653 56
24 60219 49
25 57996 31
26 54084 16
27 48682 16
28 116387 31
29 48523 26
30 107296 45
31 75875 49
32 43284 34
33 89247 35
34 54398 17
35 82895 33
36 27105 11
37 42699 22
38 78791 47
39 38767 29
40 167184 42
41 20484 7
42 76104 54
43 51676 21
44 83895 47
45 67609 38
46 141186 41
47 20932 6
48 99171 36
49 23551 8
50 54236 25
51 41230 26
52 76189 28
53 100582 38
54 22381 10
55 43124 15
56 92383 33
57 21746 13
58 117694 57
59 25422 21
60 87853 32
61 83711 27
62 202077 57
63 95369 32
64 25589 9
65 42610 21
66 112568 58
67 127840 44
68 139978 36
69 29562 15
70 12271 5
71 45401 12
72 27804 12
73 148594 57
74 159513 48
75 103869 53
76 34037 11
77 73936 51
78 19827 11
79 11902 8
80 45454 19
81 58688 30
82 50191 33
83 109940 29
84 44452 14
85 80412 26
86 30266 9
87 121219 34
88 43728 25
89 29304 12
90 95670 32
91 33886 25
92 30674 17
93 103058 27
94 194495 57
95 109947 53
96 27088 8
97 127809 33
98 49084 17
99 96409 34
100 87683 40
101 72188 45
102 57897 19
103 81769 26
104 4720 2
105 194233 49
106 11974 3
107 35646 17
108 12460 4
109 83667 50
110 123143 38
111 92239 37
112 6194 3
113 126060 57
114 63685 16
115 75578 28
116 22786 17
117 59334 16
118 197222 51
119 28294 20
120 123021 49
121 88600 39
122 40801 12
123 29989 21
124 62776 17
125 69738 20
126 76483 21
127 81103 48
128 84618 35
129 7236 2
130 80326 35
131 111671 42
132 48722 30
133 185186 56
134 184401 50
135 5073 4
136 24255 9
137 21817 12
138 2179 1
139 85260 26
140 156479 41
141 59512 48
142 77839 23
143 187957 47
144 160973 51
145 27628 10
146 14943 4
147 41688 14
148 81591 38
149 42308 12
150 182200 47
151 11186 3
152 50320 32
153 52486 41
154 116969 34
155 76725 23
156 75051 45
157 148240 51
158 77258 22
159 187643 55
160 45632 24
161 165781 51
162 51711 27
163 11461 4
164 28915 21
165 187766 47
166 139667 42
167 114086 43
168 121179 41
169 53346 29
170 91710 54
171 38440 10
3
7 25
22 51
14 37
11
3 95
6 26
128 136
93 129
11 90
108 138
69 93
110 152
24 25
40 88
88 155
7
29 107
29 110
142 167
18 77
43 161
99 135
38 105
18
58 73
31 44
77 132
130 154
8 103
28 109
40 58
21 89
36 60
85 126
113 142
72 115
73 115
3 5
22 124
68 170
73 146
111 153
