83
269
0 173976 51
1 12375 5
2 46641 35
3 72363 38
4 29102 8
5 87626 40
6 146559 48
7 62430 25
8 40324 19
9 239430 73
10 81468 54
11 23984 9
12 87136 24
13 133972 34
14 15056 5
15 50702 41
16 88090 60
17 5244 2
18 71644 48
19 56935 33
20 54069 34
21 76736 35
22 154625 42
23 174157 49
24 44363 19
25 54896 30
26 226473 76
27 133794 39
28 14856 7
29 95409 35
30 44919 34
31 80914 43
32 94570 59
33 215745 81
34 55547 16
35 170987 43
36 143585 74
37 27183 19
38 58770 44
39 120030 36
40 17316 5
41 11008 9
42 149442 81
43 44857 26
44 67958 17
45 33300 11
46 28371 8
47 211622 73
48 6804 2
49 44113 14
50 188071 60
51 26270 11
52 93985 30
53 23828 6
54 157981 60
55 104490 39
56 92240 65
57 185664 75
58 220718 80
59 134241 62
60 259076 79
61 44415 28
62 82184 39
63 18413 6
64 36348 12
65 211991 63
66 35901 21
67 307016 82
68 106514 30
69 20230 6
70 63160 24
71 121555 46
72 58917 25
73 221301 68
74 19707 11
75 142757 74
76 132441 79
77 30552 17
78 53227 17
79 83479 27
80 194132 68
81 159765 68
82 46334 32
83 111014 63
84 143351 45
85 43104 13
86 52323 14
87 113423 78
88 254642 74
89 178707 78
90 106490 32
91 48744 30
92 6619 5
93 101875 40
94 66384 45
95 3979 3
96 22590 16
97 85892 34
98 238293 67
99 123656 48
100 21537 14
101 74041 29
102 115247 34
103 309706 83
104 95138 68
105 198916 51
106 28298 18
107 141583 40
108 12327 7
109 160517 83
110 247425 83
111 25368 18
112 85908 57
113 68538 44
114 144293 45
115 56479 41
116 84986 54
117 116730 36
118 127790 50
119 93785 56
120 227991 68
121 149240 48
122 97976 42
123 116356 50
124 66436 19
125 186606 56
126 198149 63
127 207972 64
128 298940 82
129 166102 43
130 308377 78
131 15647 8
132 29669 17
133 96196 67
134 265896 71
135 163537 57
136 201182 76
137 65029 28
138 89781 40
139 130162 39
140 54904 19
141 151984 65
142 73057 42
143 32725 13
144 20211 15
145 38430 18
146 281763 73
147 125237 72
148 10551 8
149 33406 24
150 19603 14
151 166293 57
152 7487 6
153 78194 36
154 72642 50
155 62497 21
156 131162 49
157 31632 11
158 50513 34
159 115922 60
160 100287 31
161 104412 34
162 220068 82
163 44552 15
164 71322 24
165 274188 73
166 112321 50
167 138264 46
168 68247 48
169 123443 61
170 150573 67
171 12814 8
172 18199 8
173 40559 11
174 113408 37
175 168256 54
176 52675 14
177 83599 68
178 11548 3
179 11291 4
180 125318 70
181 151297 80
182 9952 6
183 281795 80
184 134368 61
185 156952 51
186 81548 36
187 86985 65
188 118980 60
189 81793 48
190 96094 25
191 48784 21
192 51960 16
193 100381 63
194 246383 65
195 32864 9
196 88476 45
197 29480 16
198 45882 22
199 102884 31
200 106912 80
201 202151 52
202 43660 16
203 136004 82
204 50205 23
205 228380 76
206 110474 46
207 58326 48
208 143538 83
209 121657 60
210 17295 6
211 38819 23
212 23548 19
213 62067 29
214 103372 71
215 36188 11
216 195439 59
217 250493 68
218 54622 14
219 31665 11
220 170919 49
221 279449 74
222 47807 24
223 80309 25
224 140153 71
225 7428 2
226 207744 74
227 169720 59
228 170804 46
229 196389 80
230 26751 12
231 99090 69
232 60401 41
233 36769 13
234 192381 82
235 62432 33
236 33034 9
237 195329 83
238 16039 5
239 200711 74
240 93257 31
241 75024 23
242 87452 45
243 268833 71
244 238634 74
245 245010 79
246 60889 23
247 41471 21
248 8393 4
249 108417 30
250 88648 26
251 44597 18
252 168158 51
253 5418 3
254 101246 69
255 146275 66
256 46385 36
257 54687 20
258 143156 38
259 71895 58
260 24593 13
261 29297 9
262 42696 27
263 6936 5
264 19446 14
265 41666 30
266 89545 59
267 135181 57
268 35046 14
5
17 20
47 49
0 4
27 46
62 71
21
237 268
100 143
53 77
44 159
153 267
220 238
99 250
153 196
184 268
61 262
119 234
213 218
149 258
139 267
118 142
2 156
98 160
173 254
97 128
89 114
159 214
13
22 46
9 268
113 184
101 215
37 194
64 91
103 258
142 265
214 248
103 223
25 41
162 166
7 243
18
145 200
125 242
80 113
92 186
45 167
174 196
213 235
13 185
35 45
140 229
101 245
248 258
151 266
105 222
37 111
18 234
62 114
167 185
