36
50
0 60893 23
1 38464 15
2 6423 2
3 19688 9
4 41297 14
5 2375 1
6 63303 28
7 2103 1
8 47441 25
9 67750 17
10 69354 36
11 23585 9
12 84540 31
13 117514 31
14 11808 9
15 86709 26
16 47894 23
17 21506 10
18 72514 32
19 62802 26
20 62482 30
21 46944 12
22 40949 30
23 58941 27
24 79134 34
25 47198 28
26 41713 20
27 18137 11
28 36941 14
29 16168 9
30 41306 23
31 15165 11
32 12544 7
33 58068 17
34 41383 19
35 18403 12
36 59145 18
37 42936 24
38 66552 27
39 73156 22
40 111963 36
41 27456 17
42 116257 36
43 5286 4
44 74149 22
45 97026 28
46 83528 21
47 25819 15
48 88893 28
49 15395 6
2
22 34
2 9
2
0 8
23 24
2
1 23
21 33
6
25 34
7 45
6 39
12 35
13 20
35 41
