78
81
0 3569 1
1 81278 45
2 176896 57
3 7114 2
4 100748 36
5 7754 3
6 49462 17
7 137214 38
8 178513 50
9 107645 66
10 126704 50
11 153073 52
12 167536 60
13 182545 48
14 158569 46
15 113722 67
16 180070 74
17 141802 47
18 56358 15
19 60056 34
20 32983 20
21 52675 19
22 76097 39
23 217964 77
24 79637 45
25 61401 26
26 43540 17
27 2726 1
28 15378 5
29 68117 28
30 46345 37
31 46585 21
32 206428 60
33 34884 22
34 181513 52
35 263331 71
36 83278 25
37 223964 70
38 51347 39
39 76726 34
40 259838 78
41 94457 30
42 88840 47
43 45795 19
44 88158 25
45 123368 59
46 131200 34
47 149241 38
48 111833 38
49 219989 68
50 9813 5
51 106205 72
52 48459 30
53 181459 46
54 126161 53
55 178914 75
56 25780 12
57 115043 66
58 13238 7
59 89367 55
60 268507 68
61 28457 8
62 11785 3
63 66771 54
64 81013 22
65 257923 71
66 42318 15
67 76380 26
68 206033 63
69 286487 77
70 122315 73
71 96263 68
72 54174 40
73 70544 33
74 30405 24
75 3633 1
76 17979 9
77 171730 67
78 158954 78
79 215207 68
80 176989 46
5
24 65
28 33
37 69
30 43
7 66
4
24 49
30 73
24 31
17 28
3
7 77
22 28
7 55
6
45 50
50 63
14 21
12 80
61 66
2 21
