87
76
0 318430 81
1 125432 87
2 9793 3
3 186204 64
4 168717 71
5 129279 75
6 43435 26
7 271583 79
8 183560 50
9 289120 75
10 159356 43
11 90426 49
12 248657 73
13 94307 39
14 6163 3
15 20367 16
16 115510 34
17 169271 71
18 56244 16
19 145732 69
20 46201 13
21 221691 82
22 137012 63
23 3436 1
24 75819 32
25 157842 44
26 78370 29
27 94815 52
28 53374 26
29 226763 67
30 201731 79
31 106952 75
32 182649 53
33 7095 4
34 1953 1
35 113514 69
36 234337 86
37 220144 84
38 170869 73
39 135729 57
40 7290 3
41 196969 74
42 89666 43
43 154339 74
44 207854 71
45 143931 67
46 181362 56
47 321197 86
48 132372 34
49 145804 49
50 43373 25
51 97117 30
52 26777 20
53 66347 29
54 211458 54
55 88041 28
56 11162 9
57 170815 54
58 116534 61
59 240746 76
60 104955 56
61 143808 79
62 75456 23
63 16739 11
64 24976 7
65 114606 35
66 37653 25
67 51619 38
68 297686 76
69 139537 35
70 102294 81
71 133867 38
72 69582 24
73 305762 81
74 214920 56
75 41568 34
3
29 36
21 59
59 82
6
4 48
62 70
14 35
4 42
38 60
3 71
2
14 23
26 58
5
16 24
39 65
6 52
22 35
5 63
