79
314
0 5989 2
1 175339 79
2 94200 48
3 155114 79
4 74961 39
5 30781 13
6 152335 44
7 54824 14
8 153939 39
9 59133 22
10 95676 52
11 38311 10
12 48208 16
13 50817 32
14 60524 22
15 8303 3
16 30514 10
17 22885 14
18 119519 63
19 135793 47
20 49953 26
21 40585 17
22 65265 31
23 30048 16
24 20604 17
25 117066 37
26 143367 40
27 32061 24
28 67577 19
29 33501 15
30 103531 30
31 94182 46
32 123674 44
33 230401 63
34 117966 39
35 97794 67
36 4096 2
37 172227 63
38 58326 18
39 187046 62
40 65022 34
41 35057 24
42 122904 71
43 28314 9
44 9501 5
45 90954 42
46 143815 74
47 76932 23
48 93600 25
49 70406 29
50 89987 51
51 183411 73
52 184758 68
53 95365 48
54 14871 4
55 74177 22
56 49854 26
57 114913 68
58 56836 17
59 65601 41
60 68322 26
61 14999 8
62 95635 44
63 83485 60
64 134933 35
65 167087 50
66 206364 58
67 166876 55
68 102477 40
69 96028 78
70 86556 26
71 44567 30
72 240974 66
73 36341 11
74 10743 8
75 121145 49
76 44737 18
77 75845 37
78 45793 38
79 168765 56
80 130976 50
81 199645 77
82 184736 54
83 76489 49
84 223601 65
85 113476 57
86 92146 25
87 135706 35
88 47302 16
89 3376 2
90 194785 65
91 189515 59
92 96123 48
93 116239 39
94 92790 35
95 77839 61
96 175860 50
97 215769 65
98 36654 28
99 75922 55
100 206164 63
101 63389 48
102 138436 64
103 104470 65
104 280238 77
105 119751 47
106 46861 16
107 76697 47
108 145647 47
109 172825 56
110 136774 59
111 5392 3
112 196051 71
113 222991 75
114 15628 13
115 131946 43
116 90044 46
117 60115 19
118 180619 78
119 28805 15
120 149983 61
121 98068 44
122 54655 26
123 56703 39
124 6416 2
125 108793 28
126 112062 39
127 83704 47
128 223885 61
129 88373 23
130 2784 1
131 3220 1
132 160172 69
133 12237 9
134 61860 36
135 105717 54
136 2938 1
137 79328 32
138 58302 42
139 136204 66
140 60429 23
141 88245 23
142 14207 6
143 23530 10
144 99046 50
145 145102 58
146 8617 3
147 139668 45
148 61987 17
149 184328 73
150 81138 25
151 42328 11
152 96471 55
153 89953 49
154 132553 71
155 31244 18
156 191156 65
157 51998 23
158 168137 56
159 154962 46
160 96368 27
161 58353 24
162 3808 2
163 111777 36
164 37432 18
165 100651 44
166 242330 70
167 129731 33
168 64350 38
169 62327 20
170 257973 68
171 99442 68
172 66044 29
173 32666 16
174 33912 10
175 76860 35
176 13721 5
177 113835 36
178 191026 64
179 89504 29
180 298041 75
181 111467 79
182 29709 16
183 163850 74
184 18557 6
185 80500 28
186 44828 17
187 300935 76
188 20770 9
189 127011 71
190 237720 62
191 89956 51
192 219336 65
193 163145 77
194 277652 73
195 116773 50
196 102781 27
197 93132 33
198 87250 23
199 26406 21
200 123888 71
201 29221 18
202 37933 11
203 3946 2
204 67324 30
205 152209 58
206 40842 14
207 47500 25
208 174939 57
209 37683 27
210 159864 59
211 87981 63
212 171715 52
213 123029 74
214 35083 24
215 54698 21
216 55333 19
217 210808 56
218 44482 13
219 196769 58
220 122893 36
221 61690 40
222 220027 62
223 253684 70
224 73612 19
225 200556 51
226 13831 9
227 141546 37
228 126175 46
229 99790 45
230 3814 1
231 37658 24
232 60183 36
233 256489 67
234 47734 17
235 139991 61
236 74421 28
237 89889 26
238 66686 39
239 18311 14
240 138701 64
241 24215 15
242 39999 18
243 86451 67
244 43634 22
245 27525 20
246 64028 51
247 5070 4
248 185280 50
249 210872 66
250 126502 43
251 85055 40
252 123626 46
253 30946 20
254 56195 22
255 156093 41
256 37647 16
257 188418 53
258 229221 70
259 125313 46
260 144421 46
261 191863 56
262 64085 17
263 302512 77
264 39614 12
265 44374 17
266 83353 39
267 106504 47
268 81280 23
269 143422 79
270 216955 74
271 12268 7
272 179198 49
273 128113 40
274 122391 79
275 43318 25
276 57370 33
277 105616 60
278 200216 59
279 39190 14
280 58076 46
281 104693 52
282 227868 75
283 72919 23
284 279622 74
285 36508 17
286 135840 56
287 282836 78
288 60640 33
289 66608 30
290 14910 5
291 138499 49
292 126108 36
293 74792 41
294 180206 67
295 232209 65
296 42741 12
297 73472 36
298 17812 5
299 158617 50
300 99401 56
301 133175 65
302 76251 57
303 78840 59
304 4794 3
305 125680 77
306 32200 12
307 57860 19
308 148941 39
309 48572 13
310 189328 71
311 27289 7
312 61489 17
313 124582 41
3
48 51
17 38
27 55
19
64 146
122 196
31 296
111 138
116 243
82 245
114 302
247 284
129 305
110 116
117 304
230 234
87 217
145 174
257 261
63 242
294 296
53 75
153 217
15
63 133
224 313
146 262
53 170
40 172
272 288
67 191
173 184
197 199
21 246
47 124
251 274
52 262
72 283
4 243
32
18 244
47 146
116 200
188 234
36 259
59 110
14 263
158 240
2 175
149 151
144 188
127 196
226 248
4 154
143 307
188 252
80 259
247 254
23 137
44 219
94 214
191 217
137 142
139 270
6 29
11 129
42 85
92 95
166 182
165 269
210 257
170 290
