22
41
0 9677 3
1 18641 12
2 29102 14
3 30935 12
4 9486 5
5 32556 17
6 32842 20
7 27710 17
8 32267 11
9 59472 19
10 65875 21
11 14900 4
12 18920 6
13 26134 9
14 25435 9
15 20141 6
16 40418 14
17 9997 4
18 10250 5
19 18215 6
20 23302 15
21 38898 12
22 32507 9
23 24128 12
24 30361 14
25 13567 7
26 52929 19
27 51977 20
28 78556 22
29 68889 19
30 9651 8
31 23344 12
32 3006 1
33 53998 14
34 5655 4
35 34565 13
36 69211 20
37 22518 7
38 3712 1
39 22836 8
40 55785 20
1
15 19
2
25 27
3 25
2
11 19
10 20
4
7 32
28 39
10 36
14 24
