28
90
0 35349 14
1 1240 1
2 36562 23
3 35396 12
4 28937 16
5 31774 11
6 34627 28
7 40283 23
8 34336 11
9 56103 28
10 53357 15
11 7138 3
12 6192 2
13 38606 25
14 66741 27
15 85727 27
16 7715 4
17 50985 15
18 45412 20
19 44043 12
20 80569 22
21 24178 8
22 65701 18
23 105803 28
24 21112 8
25 7051 2
26 24908 9
27 3726 2
28 27917 21
29 88644 23
30 38549 25
31 22947 8
32 46709 18
33 12090 8
34 4160 2
35 1813 1
36 21443 17
37 16789 6
38 25326 10
39 51795 14
40 81061 27
41 8481 3
42 90581 28
43 11108 7
44 50326 17
45 22579 11
46 37966 16
47 62720 24
48 33954 14
49 24118 7
50 5171 3
51 91581 24
52 56323 22
53 88530 28
54 33693 28
55 51891 13
56 20587 8
57 2388 1
58 47410 17
59 18234 5
60 7611 5
61 63238 18
62 2244 1
63 23042 11
64 25484 20
65 32994 16
66 31702 17
67 96348 27
68 11479 3
69 4961 2
70 9560 6
71 21105 7
72 2551 1
73 45179 16
74 48628 17
75 31177 12
76 49024 13
77 24433 14
78 15829 12
79 1700 1
80 38802 21
81 30244 11
82 4341 3
83 29613 18
84 5702 2
85 9032 6
86 94580 24
87 55556 22
88 55453 18
89 95459 24
2
0 20
6 16
7
5 10
27 65
31 76
1 25
26 42
31 50
43 79
4
42 45
11 82
23 41
5 41
6
51 59
5 59
37 77
50 84
4 26
19 28
