65
214
0 88413 59
1 35276 9
2 76231 26
3 31132 11
4 39657 18
5 28191 11
6 61259 48
7 18097 5
8 97861 28
9 56917 20
10 47315 28
11 190328 58
12 39304 24
13 92476 29
14 120369 38
15 143367 44
16 91423 60
17 94263 54
18 42958 25
19 51437 14
20 9307 3
21 214381 54
22 30369 22
23 76435 58
24 231173 58
25 107606 45
26 157110 42
27 35878 11
28 135319 52
29 107403 38
30 165912 43
31 210149 64
32 156869 45
33 86453 25
34 164078 46
35 133875 36
36 40202 11
37 76037 41
38 52247 19
39 216888 65
40 32123 12
41 107727 27
42 35111 12
43 24103 8
44 133320 40
45 60150 26
46 221486 65
47 155410 46
48 100791 33
49 92892 25
50 45014 14
51 162918 41
52 68837 38
53 39294 18
54 64884 34
55 30938 11
56 49315 34
57 161579 53
58 49404 31
59 43267 30
60 38445 11
61 18593 6
62 160605 59
63 44258 25
64 168660 48
65 11266 3
66 83545 22
67 229028 60
68 181081 58
69 174990 45
70 99721 55
71 50318 22
72 76543 55
73 42555 32
74 31733 25
75 29346 17
76 46710 27
77 93403 25
78 63681 27
79 17973 9
80 26808 13
81 48634 16
82 16346 5
83 24054 10
84 62194 24
85 120484 35
86 209796 55
87 42599 14
88 39342 13
89 39235 15
90 178042 47
91 142794 56
92 81212 23
93 119848 33
94 22346 6
95 89062 65
96 46879 29
97 47618 13
98 116273 44
99 178686 62
100 35332 17
101 169335 59
102 139515 37
103 100469 48
104 48943 20
105 43061 30
106 66120 23
107 73083 36
108 165912 55
109 25132 19
110 74041 43
111 210386 54
112 75434 25
113 122870 47
114 61918 24
115 20693 14
116 68130 23
117 30831 16
118 142680 48
119 64175 45
120 69215 57
121 63633 20
122 162199 61
123 94433 31
124 57148 21
125 158744 54
126 148743 52
127 44531 24
128 93889 39
129 46098 25
130 46212 25
131 34509 27
132 7768 3
133 98994 56
134 94146 63
135 42646 13
136 2732 1
137 192423 60
138 79695 21
139 37846 16
140 85908 25
141 212113 57
142 13034 10
143 184332 56
144 118479 39
145 111651 30
146 118467 37
147 33102 9
148 100056 50
149 50870 40
150 48331 13
151 38319 10
152 146418 65
153 44100 34
154 134924 39
155 69028 21
156 87671 36
157 30532 24
158 13691 7
159 80925 46
160 9884 3
161 130997 42
162 95096 34
163 41620 33
164 8440 3
165 58210 22
166 134148 38
167 72858 21
168 93497 45
169 77605 62
170 34198 12
171 59392 15
172 85585 35
173 37457 26
174 48564 15
175 161199 48
176 61242 36
177 112640 62
178 27274 13
179 62259 22
180 9297 3
181 69408 29
182 162251 55
183 85732 22
184 52448 26
185 114603 33
186 48761 30
187 79289 26
188 209703 61
189 29646 13
190 43152 22
191 146666 43
192 93999 33
193 72122 20
194 144362 47
195 79528 48
196 74341 55
197 57444 15
198 184494 51
199 9163 6
200 195054 51
201 73424 36
202 84897 28
203 37403 30
204 138444 45
205 71943 21
206 108775 48
207 4080 2
208 3087 2
209 24546 9
210 43636 12
211 40291 15
212 226970 63
213 184350 54
5
41 58
22 50
25 31
13 21
12 64
10
6 136
123 175
168 175
171 198
140 170
3 212
107 196
70 188
195 208
114 205
10
137 184
57 133
77 204
48 125
36 105
87 90
11 137
98 170
58 70
114 179
19
42 109
43 75
62 144
75 134
49 166
116 189
6 118
1 21
23 44
80 124
3 147
53 91
10 31
50 117
13 36
30 41
22 144
29 33
75 170
