49
135
0 3903 3
1 23216 9
2 76233 40
3 110809 44
4 32513 10
5 124713 41
6 44039 21
7 69378 20
8 3862 3
9 9764 5
10 113086 38
11 22448 7
12 10303 4
13 19513 7
14 43411 18
15 38931 30
16 76678 36
17 143883 47
18 82547 33
19 32057 22
20 65376 40
21 34547 10
22 42192 18
23 24581 9
24 31867 21
25 178400 48
26 50019 25
27 156024 49
28 65441 33
29 185760 47
30 58538 26
31 74983 44
32 78618 22
33 143242 39
34 185915 47
35 85035 37
36 13320 6
37 62897 16
38 39913 21
39 2173 1
40 55219 34
41 149693 46
42 111747 37
43 8739 7
44 143327 48
45 113029 31
46 7215 2
47 35370 10
48 29481 11
49 90266 48
50 89383 38
51 51651 35
52 36757 18
53 47062 33
54 59980 46
55 103771 48
56 9348 5
57 59279 32
58 33833 11
59 12522 7
60 121162 36
61 9227 7
62 82504 38
63 87099 40
64 29972 14
65 64138 40
66 21195 9
67 11097 6
68 41261 27
69 38597 11
70 102043 49
71 117299 33
72 77989 49
73 86340 45
74 17970 10
75 75254 19
76 87768 35
77 128912 41
78 71643 38
79 64110 47
80 71910 21
81 69966 28
82 55312 19
83 95334 30
84 38869 25
85 11783 6
86 58248 36
87 22762 16
88 132037 34
89 61525 39
90 20902 6
91 42395 24
92 58844 23
93 96966 39
94 113555 43
95 51603 14
96 10046 3
97 62459 29
98 56381 20
99 156302 42
100 100472 33
101 33407 24
102 59114 25
103 4695 2
104 100516 47
105 97639 40
106 80255 28
107 29685 19
108 41012 19
109 44991 15
110 74986 24
111 180648 49
112 69695 31
113 60936 32
114 71957 28
115 13489 5
116 36337 22
117 124544 45
118 87983 49
119 31590 18
120 147614 37
121 32312 18
122 42613 22
123 93886 29
124 124298 48
125 18044 7
126 28379 22
127 3618 1
128 6284 2
129 29885 22
130 101702 41
131 1390 1
132 6004 4
133 16577 6
134 29687 22
3
20 44
3 34
45 47
10
61 80
39 99
92 132
13 68
16 90
113 134
18 116
60 87
62 107
71 102
5
31 83
95 116
60 115
7 111
67 116
16
92 102
61 65
2 122
68 80
46 57
39 81
80 107
16 48
113 127
105 122
12 69
1 53
9 78
40 77
32 39
123 130
