29
67
0 47516 27
1 5821 4
2 31487 14
3 49247 17
4 54150 15
5 23794 16
6 6765 5
7 10922 3
8 14725 5
9 31302 17
10 68714 24
11 13084 4
12 11905 7
13 49639 17
14 41630 23
15 20098 7
16 27978 9
17 7645 3
18 27707 8
19 20206 8
20 12858 9
21 5589 4
22 42151 18
23 11824 7
24 20036 6
25 6864 2
26 19931 15
27 32238 21
28 42263 29
29 20336 7
30 22659 9
31 19862 10
32 56331 28
33 42225 29
34 50919 28
35 68135 20
36 41083 11
37 19741 9
38 66352 21
39 37736 20
40 20461 13
41 82019 29
42 46411 15
43 42291 11
44 11747 4
45 43090 15
46 79052 28
47 38809 16
48 4355 3
49 48643 21
50 41207 12
51 11165 5
52 40633 20
53 11827 5
54 7908 2
55 87297 29
56 31127 11
57 32127 10
58 29116 15
59 50354 28
60 7777 5
61 91210 23
62 84994 23
63 23239 13
64 46099 24
65 19387 9
66 68436 20
1
13 20
4
22 23
35 53
22 49
10 54
2
5 66
14 58
4
24 61
10 17
18 66
7 20
