40
146
0 24890 19
1 77950 26
2 4682 2
3 31190 15
4 14982 6
5 24604 10
6 50740 29
7 15790 5
8 69882 25
9 117716 38
10 62022 17
11 141209 38
12 119160 40
13 95434 32
14 113688 32
15 29381 12
16 44506 31
17 18780 7
18 17210 11
19 42898 28
20 57541 31
21 54387 26
22 13409 4
23 50831 15
24 19534 12
25 101707 40
26 25380 12
27 44325 22
28 55958 23
29 36887 15
30 42058 12
31 15228 6
32 27699 12
33 82211 34
34 24136 19
35 101994 40
36 35695 14
37 74204 21
38 108280 39
39 30702 12
40 42164 33
41 21268 6
42 9287 4
43 27547 21
44 6309 2
45 83732 26
46 44790 15
47 96637 40
48 25624 10
49 48041 20
50 38227 24
51 49836 24
52 16617 5
53 58960 24
54 35891 25
55 15544 7
56 24320 10
57 20199 11
58 25683 8
59 31519 16
60 55133 26
61 2747 1
62 46825 33
63 129446 39
64 3185 2
65 60084 31
66 119949 37
67 38577 30
68 31312 12
69 103803 31
70 56001 18
71 39874 14
72 102605 40
73 48997 33
74 9907 6
75 82253 28
76 108961 34
77 21797 15
78 13252 5
79 91599 25
80 79471 33
81 87048 40
82 22765 12
83 6042 3
84 22906 11
85 8950 3
86 95979 37
87 54875 28
88 6263 3
89 42351 28
90 91350 40
91 104203 35
92 128450 37
93 60396 22
94 17886 11
95 3192 1
96 29766 12
97 2497 1
98 48247 13
99 117224 35
100 76779 33
101 72098 39
102 9392 5
103 34075 17
104 28696 9
105 2265 1
106 24133 7
107 111572 28
108 88575 38
109 120079 33
110 16989 13
111 131984 33
112 38451 17
113 18242 7
114 32185 26
115 92023 34
116 12761 6
117 34289 16
118 22365 10
119 90763 34
120 44388 15
121 75470 28
122 43766 23
123 41985 19
124 50246 24
125 2926 2
126 90457 26
127 33365 15
128 63599 22
129 14479 8
130 51588 24
131 59316 24
132 63322 26
133 51945 16
134 10617 3
135 10392 4
136 47623 33
137 41909 24
138 68914 18
139 3707 1
140 2393 1
141 94509 29
142 20417 14
143 80123 24
144 93234 36
145 12185 7
3
5 27
9 14
24 35
5
4 55
19 68
35 144
68 72
9 41
6
19 97
17 62
53 98
5 113
7 97
54 67
15
16 26
65 137
25 118
83 110
53 137
84 97
8 110
1 108
129 130
2 13
2 58
54 73
4 79
28 57
62 108
