83
55
0 109976 67
1 58302 34
2 62552 36
3 148608 50
4 147843 58
5 172291 81
6 7824 3
7 41114 19
8 26002 8
9 292421 80
10 41486 31
11 111422 40
12 106142 47
13 49284 26
14 104315 55
15 163749 52
16 125636 81
17 206441 57
18 66428 30
19 67666 52
20 67744 32
21 48439 16
22 31402 21
23 35029 11
24 28905 22
25 189033 64
26 157172 77
27 205904 80
28 252888 71
29 233076 71
30 140602 41
31 202010 74
32 87960 26
33 3960 1
34 128818 53
35 94880 48
36 94299 66
37 157529 44
38 74691 56
39 127039 76
40 163407 50
41 266339 76
42 249255 63
43 165677 62
44 94770 46
45 38205 17
46 238447 72
47 8952 7
48 221611 60
49 192597 67
50 169346 43
51 84891 49
52 209250 61
53 171290 76
54 73803 52
4
21 29
51 58
8 17
34 54
4
8 39
14 17
45 51
32 53
2
8 11
23 33
4
2 45
27 38
16 51
9 28
