81
265
0 74243 31
1 59366 36
2 107200 59
3 85357 38
4 84067 51
5 48562 19
6 92666 58
7 116072 59
8 208601 66
9 32498 11
10 27038 7
11 96476 46
12 213795 63
13 124119 47
14 112773 66
15 122349 41
16 237139 61
17 110701 30
18 242584 65
19 61737 33
20 69359 29
21 196112 59
22 217507 62
23 23887 11
24 138950 70
25 2002 1
26 114747 71
27 8201 3
28 295075 75
29 208301 71
30 29744 9
31 13274 7
32 238421 61
33 136098 75
34 151053 53
35 119324 75
36 153713 44
37 90249 35
38 2429 1
39 179182 62
40 96902 33
41 115865 78
42 121888 34
43 71016 48
44 55966 38
45 31196 25
46 64796 29
47 82176 30
48 156638 40
49 75801 53
50 77937 52
51 122539 41
52 100190 53
53 103793 76
54 43749 18
55 164312 46
56 5201 3
57 210605 66
58 48420 13
59 29647 14
60 30879 19
61 154337 76
62 57576 19
63 168371 49
64 55206 31
65 179722 77
66 128383 37
67 117969 35
68 219180 63
69 24713 14
70 168198 46
71 74732 45
72 53097 21
73 81848 22
74 77052 28
75 88681 58
76 179723 75
77 101070 41
78 133754 40
79 62590 18
80 89663 33
81 4961 3
82 90583 70
83 207946 67
84 48443 16
85 11438 3
86 185958 74
87 15255 9
88 93802 34
89 53607 17
90 98470 37
91 16882 9
92 83030 21
93 72527 41
94 114523 43
95 144017 59
96 100982 66
97 25059 12
98 26136 16
99 20429 6
100 23622 14
101 52301 16
102 75401 40
103 190069 78
104 143778 47
105 75329 42
106 76134 31
107 130413 36
108 228023 73
109 70851 48
110 203286 65
111 256166 66
112 72093 24
113 133465 47
114 102163 41
115 15611 13
116 184798 81
117 278103 70
118 127912 72
119 189541 51
120 23096 13
121 77186 33
122 237129 69
123 112817 37
124 168227 66
125 6725 3
126 50787 25
127 44982 32
128 153501 43
129 21656 11
130 161173 61
131 270291 72
132 126644 32
133 71667 24
134 38407 23
135 154147 74
136 43278 27
137 57573 31
138 102744 56
139 24939 8
140 139723 67
141 142642 78
142 184002 71
143 63769 17
144 106749 28
145 212369 60
146 103662 28
147 155671 59
148 50502 27
149 63226 22
150 47738 32
151 84024 35
152 161791 58
153 131677 33
154 19659 13
155 34773 16
156 18707 12
157 121619 36
158 215918 77
159 146216 48
160 48737 32
161 159272 52
162 68458 23
163 94490 29
164 33488 27
165 61901 22
166 35259 26
167 140406 75
168 155949 65
169 47044 23
170 56352 19
171 121511 57
172 260783 71
173 312748 80
174 82684 29
175 18581 6
176 248455 67
177 151977 70
178 54823 23
179 77568 28
180 146231 37
181 15275 11
182 123769 37
183 117028 75
184 181174 79
185 1320 1
186 85610 60
187 87511 61
188 134387 37
189 154510 71
190 41579 17
191 39728 27
192 177338 56
193 17512 9
194 111781 33
195 76750 39
196 31990 11
197 123094 70
198 125537 70
199 239381 60
200 109020 29
201 22090 7
202 60478 16
203 2805 2
204 75692 25
205 46823 21
206 240664 65
207 89516 28
208 55670 29
209 72037 26
210 231803 61
211 13878 5
212 14606 7
213 200537 80
214 88927 54
215 31264 12
216 7784 6
217 109843 55
218 26144 8
219 217593 78
220 168933 44
221 160937 64
222 51344 17
223 70796 56
224 23451 12
225 172936 71
226 64511 20
227 96952 28
228 23905 10
229 3018 1
230 176427 50
231 123389 60
232 121095 50
233 30189 23
234 67170 44
235 43215 21
236 10060 6
237 82645 21
238 104819 81
239 126394 62
240 305933 78
241 165168 72
242 188364 52
243 119118 40
244 88447 30
245 36902 12
246 20606 6
247 211353 61
248 13397 4
249 163716 65
250 30906 16
251 101380 30
252 164674 47
253 15907 13
254 49961 24
255 185529 69
256 101329 28
257 135792 76
258 266098 72
259 92575 60
260 202692 62
261 76780 40
262 3216 1
263 52486 33
264 61449 17
3
17 22
9 61
36 59
17
4 159
103 194
19 50
69 192
112 121
33 39
43 175
53 243
136 196
40 82
202 234
138 260
1 8
97 111
16 171
163 240
59 107
12
84 100
99 241
56 131
38 43
24 90
103 259
103 196
56 63
44 154
72 201
51 119
178 180
21
194 199
8 33
94 196
25 89
225 250
50 164
62 76
101 186
146 152
57 113
47 153
8 262
179 248
3 122
83 215
104 178
94 176
224 239
30 125
35 178
43 93
