76
240
0 67533 19
1 137889 51
2 126968 33
3 46816 34
4 127555 52
5 21989 8
6 74395 23
7 159554 50
8 47167 29
9 36543 28
10 106871 36
11 45585 26
12 131209 76
13 161633 65
14 15676 6
15 10669 6
16 51351 40
17 83629 22
18 74994 27
19 61967 30
20 61747 42
21 113082 30
22 2319 1
23 31570 17
24 79067 50
25 187367 72
26 75643 53
27 64831 31
28 77003 24
29 164886 52
30 21166 10
31 33017 9
32 10146 3
33 123421 48
34 13156 5
35 48389 14
36 49077 40
37 106914 33
38 27667 9
39 144692 56
40 163684 57
41 35505 11
42 28803 19
43 49594 38
44 168432 45
45 146414 39
46 177969 50
47 7991 3
48 21672 6
49 54941 33
50 29148 13
51 245178 65
52 174039 50
53 69621 50
54 5883 3
55 117922 64
56 105283 58
57 68956 46
58 113666 53
59 68012 39
60 82451 28
61 149621 44
62 184147 53
63 85601 66
64 56055 21
65 131257 72
66 148910 40
67 74974 23
68 167299 57
69 41944 20
70 39074 31
71 5708 2
72 68911 36
73 169646 45
74 181738 61
75 52892 20
76 147476 70
77 216886 74
78 16894 13
79 106849 49
80 7092 4
81 260612 75
82 39741 28
83 145385 70
84 24306 8
85 76599 55
86 176051 64
87 3775 1
88 137861 67
89 37525 21
90 149451 45
91 27030 9
92 88974 34
93 26753 7
94 29132 24
95 116804 42
96 219905 69
97 12146 7
98 21401 9
99 4510 3
100 152591 55
101 85072 31
102 62146 51
103 89583 26
104 154017 45
105 71877 19
106 171905 47
107 162408 58
108 114694 62
109 149436 43
110 259875 75
111 123902 46
112 115457 57
113 196624 59
114 142084 68
115 2831 2
116 70172 55
117 53128 17
118 80412 29
119 69090 57
120 47951 21
121 98636 44
122 112227 41
123 219324 60
124 36258 29
125 13852 4
126 211563 72
127 81166 52
128 27093 12
129 67394 35
130 56482 40
131 146919 47
132 159736 48
133 62370 18
134 71187 44
135 32462 11
136 73071 40
137 59131 33
138 74479 30
139 43472 31
140 31661 14
141 61587 51
142 211218 74
143 238678 76
144 32668 15
145 29124 10
146 6793 3
147 178175 66
148 137883 72
149 98122 54
150 115982 51
151 220511 61
152 219909 58
153 7037 5
154 58862 19
155 182194 69
156 74286 38
157 229014 76
158 183463 47
159 98795 36
160 88678 44
161 12917 5
162 140043 69
163 42435 25
164 250793 65
165 194960 76
166 35423 22
167 12979 5
168 26792 19
169 115388 34
170 41542 16
171 155992 43
172 47948 31
173 3882 1
174 50882 28
175 150806 41
176 152467 60
177 68606 38
178 12536 6
179 203709 52
180 96444 50
181 43626 26
182 149538 50
183 25159 13
184 43512 17
185 71214 26
186 270768 73
187 181455 71
188 26712 21
189 173430 48
190 55101 32
191 41095 12
192 58507 30
193 158393 69
194 85995 52
195 96395 59
196 60661 32
197 96214 45
198 23377 11
199 184945 52
200 95139 28
201 42635 30
202 72689 44
203 21464 12
204 2141 1
205 58401 21
206 139444 44
207 15167 9
208 39656 27
209 78987 35
210 178366 61
211 13978 4
212 46674 27
213 195920 55
214 144504 72
215 64032 26
216 110707 55
217 17604 7
218 87104 64
219 113763 54
220 175527 57
221 5015 4
222 265664 72
223 15671 5
224 40652 25
225 152140 43
226 79927 33
227 130827 50
228 119650 41
229 98794 46
230 191975 64
231 177920 46
232 116776 46
233 228666 67
234 46384 13
235 133911 60
236 3683 1
237 41516 11
238 182869 47
239 151832 55
3
43 50
5 11
6 46
11
33 65
51 198
201 213
69 87
192 220
34 89
21 131
201 209
6 78
131 177
52 94
11
13 134
98 174
16 155
32 99
115 169
141 200
39 200
37 165
35 61
30 61
54 79
24
9 129
144 190
23 213
7 121
223 232
66 168
31 234
45 151
9 114
13 95
16 193
203 238
97 163
47 53
142 224
123 128
142 162
123 225
81 218
25 107
101 105
174 192
12 145
82 198
