69
176
0 63588 18
1 169580 59
2 120960 58
3 14584 5
4 47060 29
5 159418 63
6 46557 20
7 67281 36
8 130391 57
9 85689 26
10 194847 61
11 35895 29
12 129088 61
13 120244 50
14 31574 22
15 13259 5
16 147392 54
17 100095 67
18 159656 63
19 31048 11
20 16687 9
21 199147 53
22 60608 16
23 50317 16
24 109372 31
25 18301 7
26 49475 16
27 52037 27
28 161590 64
29 2986 1
30 220215 60
31 128429 64
32 31183 15
33 98271 42
34 60724 23
35 129982 45
36 86763 39
37 59519 18
38 84069 63
39 9492 3
40 97299 31
41 117105 34
42 141891 48
43 20432 6
44 130580 52
45 14870 9
46 7228 6
47 92777 65
48 52071 22
49 31122 23
50 205379 62
51 132079 56
52 103919 43
53 165892 61
54 15169 8
55 5901 2
56 111726 47
57 4575 3
58 69463 54
59 70018 30
60 29482 8
61 190043 63
62 19478 13
63 194177 65
64 121240 36
65 17935 5
66 133318 62
67 80688 43
68 107608 47
69 160855 52
70 61537 19
71 86522 49
72 93090 53
73 25391 13
74 8938 5
75 234513 61
76 208208 67
77 66515 46
78 89652 35
79 78479 54
80 63900 48
81 95426 39
82 10348 4
83 53897 21
84 173775 51
85 29151 10
86 64858 26
87 112338 57
88 23440 7
89 162139 42
90 69803 20
91 76930 22
92 85612 51
93 164152 42
94 107379 61
95 78458 31
96 6243 2
97 32545 15
98 42992 23
99 58951 15
100 114137 31
101 38210 28
102 121024 40
103 65944 17
104 164899 50
105 125697 45
106 200772 64
107 60303 48
108 22525 6
109 6386 2
110 74158 56
111 55983 21
112 32798 13
113 67409 17
114 34663 22
115 144182 48
116 139996 48
117 96346 65
118 217943 64
119 174667 47
120 17522 6
121 190117 59
122 107135 31
123 8476 4
124 98176 30
125 174960 68
126 51709 28
127 196382 67
128 84640 34
129 29772 16
130 39809 12
131 92816 30
132 58085 22
133 30954 20
134 89775 47
135 4674 3
136 153213 43
137 104510 58
138 55628 21
139 149215 44
140 19890 7
141 122179 56
142 78085 22
143 61490 18
144 65439 40
145 52649 37
146 118583 57
147 98189 38
148 196576 52
149 204240 58
150 83123 38
151 65868 49
152 18618 6
153 184180 49
154 14691 4
155 36591 16
156 19079 6
157 61888 31
158 94047 25
159 141907 63
160 74661 24
161 90372 46
162 98266 29
163 48439 14
164 27455 10
165 10056 4
166 96875 41
167 125259 59
168 115777 57
169 15626 4
170 85397 62
171 78270 48
172 61785 22
173 21208 10
174 169534 55
175 149538 69
5
6 52
39 40
56 57
17 47
30 41
8
4 154
19 52
80 143
52 163
90 106
0 95
143 149
1 115
6
75 94
69 162
126 155
18 161
56 142
89 136
9
129 130
24 36
113 175
12 18
154 163
59 90
35 73
153 155
1 115
