33
129
0 47634 12
1 43066 32
2 51270 23
3 14421 7
4 1219 1
5 2584 1
6 58785 21
7 51284 14
8 26987 9
9 104102 29
10 31877 24
11 97163 33
12 62218 19
13 93747 27
14 6401 2
15 3269 1
16 106075 30
17 18795 12
18 65452 27
19 40004 25
20 18114 10
21 33598 14
22 32077 12
23 19216 6
24 55167 18
25 58450 21
26 68132 19
27 100748 26
28 27548 17
29 10883 8
30 78630 33
31 31632 12
32 33515 9
33 49252 23
34 45631 12
35 14301 8
36 68544 33
37 26293 16
38 81737 26
39 80482 24
40 30050 9
41 103660 27
42 38455 27
43 19017 13
44 66612 24
45 85690 22
46 113648 30
47 6824 2
48 8066 5
49 101289 27
50 37996 13
51 67818 28
52 77453 21
53 32738 26
54 68320 26
55 111520 29
56 47576 13
57 19568 14
58 73902 22
59 3988 1
60 42600 13
61 36690 21
62 6857 5
63 11245 4
64 84945 22
65 74888 22
66 52902 26
67 61074 17
68 47543 22
69 70649 27
70 29525 8
71 30057 17
72 30303 14
73 58868 21
74 117343 33
75 50559 19
76 94416 25
77 17643 13
78 26365 8
79 79815 24
80 89562 31
81 79407 27
82 14249 4
83 15961 13
84 31724 19
85 13213 10
86 96247 26
87 33961 15
88 10498 4
89 57176 17
90 27967 19
91 3627 1
92 28372 21
93 33032 16
94 37059 19
95 9213 7
96 44681 26
97 58957 24
98 21640 10
99 3934 1
100 73528 21
101 3390 2
102 10191 7
103 30767 13
104 61003 19
105 34688 11
106 48112 32
107 61524 27
108 66538 26
109 51448 15
110 36740 14
111 50568 15
112 125570 32
113 71171 20
114 52151 33
115 36150 20
116 118144 33
117 33217 18
118 12334 4
119 61399 18
120 1673 1
121 103673 31
122 38871 31
123 39406 12
124 30028 24
125 35160 26
126 1552 1
127 50350 24
128 32643 11
2
3 27
1 5
9
9 47
9 18
107 114
12 71
13 33
23 41
71 105
71 98
14 26
3
23 38
40 106
62 72
12
50 94
6 90
100 115
14 54
35 116
51 93
75 77
86 111
93 127
18 26
43 54
73 80
