33
112
0 20683 10
1 73531 27
2 25878 9
3 51296 16
4 8812 4
5 2551 1
6 74164 32
7 31722 21
8 20820 8
9 32978 16
10 14795 5
11 7511 2
12 73986 19
13 36070 15
14 7605 2
15 21288 7
16 29713 21
17 113262 29
18 24691 11
19 71649 31
20 28732 22
21 65917 29
22 39104 19
23 100590 31
24 67823 18
25 23645 13
26 66975 18
27 70926 18
28 3458 1
29 24632 12
30 3727 1
31 20635 14
32 27656 16
33 33163 20
34 59826 17
35 34542 28
36 13525 8
37 48232 20
38 28441 23
39 10187 5
40 125453 32
41 57878 31
42 113313 29
43 9625 3
44 58866 29
45 83430 29
46 53611 18
47 11586 7
48 33145 10
49 45688 13
50 24946 13
51 5031 4
52 44973 18
53 6388 5
54 91711 30
55 43900 20
56 50376 18
57 68186 20
58 26796 8
59 74377 31
60 45941 22
61 16203 12
62 5941 2
63 37810 29
64 6325 3
65 113914 30
66 51707 29
67 86470 28
68 97284 27
69 14108 10
70 66469 20
71 34982 9
72 44146 19
73 8021 3
74 35192 14
75 61091 30
76 71173 27
77 50215 20
78 85583 25
79 27529 9
80 95335 28
81 8711 7
82 76810 25
83 5588 2
84 46435 29
85 49534 33
86 31124 14
87 39012 19
88 88056 28
89 31324 9
90 58813 25
91 119072 32
92 4959 3
93 10831 4
94 39204 11
95 51350 30
96 10826 5
97 37486 18
98 76622 22
99 78962 24
100 12609 5
101 63493 19
102 83910 26
103 4236 3
104 3584 1
105 48605 25
106 50959 14
107 31279 20
108 42926 16
109 15840 4
110 33681 26
111 45660 22
2
17 30
16 17
6
46 86
5 80
37 89
88 97
11 70
23 79
5
16 51
32 100
61 101
39 42
50 77
7
32 64
4 30
14 30
2 110
109 110
39 90
30 39
