56
67
0 187483 49
1 21888 15
2 10085 3
3 23377 6
4 83646 33
5 127803 44
6 84974 30
7 38719 21
8 69665 49
9 65400 50
10 38532 14
11 141982 50
12 81409 43
13 104316 36
14 48059 22
15 18135 11
16 98606 49
17 91926 40
18 41509 14
19 152029 50
20 81594 28
21 140914 41
22 163264 55
23 147844 50
24 1245 1
25 9782 3
26 219415 56
27 89827 33
28 163800 45
29 117911 42
30 147072 41
31 206690 52
32 21093 11
33 38573 16
34 24569 14
35 151550 40
36 3137 1
37 70657 30
38 65642 26
39 89639 27
40 79640 28
41 8712 6
42 37705 17
43 86837 52
44 159348 40
45 93460 28
46 75343 23
47 113487 35
48 80460 35
49 99760 36
50 77015 37
51 13714 5
52 79573 48
53 142898 51
54 60063 32
55 23529 11
56 67011 19
57 81228 22
58 88877 40
59 109985 50
60 56817 15
61 51093 26
62 25196 15
63 57688 47
64 17246 5
65 58670 40
66 13070 6
2
31 44
16 48
3
5 16
16 53
10 38
3
33 61
10 25
14 48
8
12 34
18 25
31 52
13 26
26 59
9 26
50 53
11 46
