48
191
0 106997 43
1 17895 9
2 91844 29
3 23732 10
4 35595 20
5 93498 42
6 163520 47
7 31262 25
8 66969 27
9 111643 35
10 178880 48
11 5608 3
12 83557 27
13 13301 11
14 57717 33
15 134766 40
16 131298 33
17 14609 10
18 41956 22
19 30573 12
20 3783 2
21 101722 48
22 65487 46
23 111965 28
24 23391 7
25 74870 46
26 126901 40
27 7736 3
28 79215 22
29 156301 48
30 7526 2
31 11732 3
32 18942 6
33 66816 19
34 27011 10
35 52455 16
36 38235 23
37 163692 48
38 44084 22
39 89857 32
40 2472 1
41 78578 34
42 104661 36
43 7899 3
44 57820 44
45 87781 30
46 87861 47
47 76628 26
48 45104 32
49 4636 2
50 66584 48
51 65012 17
52 129084 44
53 155701 45
54 67764 19
55 51486 14
56 85401 34
57 62851 25
58 24401 14
59 87580 37
60 57613 16
61 147182 44
62 131302 35
63 38252 23
64 22835 10
65 59983 48
66 52318 38
67 64869 37
68 51402 23
69 63806 19
70 43968 19
71 91308 32
72 103292 39
73 13233 11
74 30631 10
75 10839 3
76 21985 9
77 3167 1
78 158867 43
79 153654 43
80 60521 17
81 20203 13
82 98758 36
83 32992 18
84 63063 34
85 16794 5
86 69830 41
87 60024 38
88 122454 33
89 121304 35
90 86968 25
91 42007 18
92 23693 19
93 70357 28
94 55649 17
95 113487 34
96 47630 21
97 43891 13
98 39680 10
99 3294 1
100 37711 10
101 143532 43
102 94750 37
103 89634 24
104 10344 3
105 129695 41
106 19028 15
107 49577 24
108 78294 44
109 95661 41
110 140962 41
111 40908 32
112 121724 47
113 76129 37
114 33733 18
115 42613 27
116 103143 37
117 48668 16
118 52762 33
119 26379 13
120 43349 29
121 85339 28
122 38160 18
123 80283 28
124 90960 40
125 17260 6
126 6434 2
127 2226 1
128 41676 13
129 87096 25
130 131204 41
131 103821 44
132 169362 45
133 11223 3
134 81985 23
135 61021 37
136 137525 37
137 43103 18
138 5661 2
139 105579 31
140 12162 9
141 18584 6
142 29388 24
143 9125 5
144 69724 46
145 122460 43
146 42851 31
147 80339 21
148 4978 2
149 47619 26
150 85255 41
151 51029 27
152 66131 39
153 71320 26
154 47444 33
155 17308 11
156 26557 9
157 139334 46
158 155347 46
159 68645 47
160 67795 47
161 133795 36
162 159119 48
163 36990 12
164 56452 38
165 12915 6
166 33612 17
167 41891 17
168 146887 45
169 37389 17
170 100631 34
171 36794 10
172 107246 29
173 13264 10
174 125943 41
175 47969 12
176 8778 3
177 9160 5
178 154080 42
179 116070 30
180 49259 16
181 61691 34
182 98934 46
183 68078 42
184 110065 31
185 13703 4
186 18451 6
187 1527 1
188 22415 7
189 92979 39
190 103589 37
1
21 24
11
92 131
30 162
34 81
5 46
32 187
4 86
49 155
11 105
15 165
79 178
13 99
4
153 182
43 91
19 104
13 112
15
90 154
65 158
79 172
116 144
46 105
7 116
48 67
16 99
24 91
6 31
5 89
45 103
157 176
3 167
82 116
