55
175
0 14972 10
1 51104 13
2 47061 14
3 122250 51
4 29889 16
5 98508 35
6 14577 6
7 44340 12
8 14996 6
9 93321 41
10 85433 41
11 201704 53
12 7893 2
13 35172 9
14 63861 49
15 19262 12
16 54399 39
17 42535 16
18 89263 30
19 116976 44
20 33787 18
21 136627 47
22 94594 31
23 119115 32
24 36076 13
25 111530 36
26 115632 37
27 134282 42
28 33677 11
29 28554 14
30 29791 18
31 79886 28
32 107550 38
33 110651 28
34 86378 49
35 69216 27
36 71292 40
37 39166 26
38 57371 46
39 53702 17
40 38044 22
41 92195 43
42 129574 38
43 115519 30
44 147811 48
45 62761 22
46 96300 35
47 158928 40
48 42087 26
49 106810 50
50 75645 46
51 87724 46
52 27859 8
53 129408 34
54 40312 20
55 13762 5
56 39836 32
57 133278 47
58 13779 11
59 108214 32
60 13319 7
61 70357 26
62 76548 39
63 116782 45
64 81485 24
65 57316 20
66 4300 3
67 2683 1
68 15688 8
69 127130 47
70 61311 50
71 131325 52
72 10503 3
73 32876 27
74 12957 5
75 76701 34
76 31670 13
77 31323 20
78 12021 5
79 100516 26
80 10490 4
81 36726 15
82 101549 43
83 3102 1
84 87271 38
85 89861 47
86 9253 7
87 99041 25
88 68010 43
89 143235 41
90 93115 46
91 2708 1
92 63078 20
93 128058 41
94 180949 51
95 22420 12
96 61196 18
97 122708 45
98 29623 10
99 189603 53
100 78745 20
101 3314 2
102 74253 36
103 110969 28
104 157475 41
105 107504 27
106 11113 4
107 94796 41
108 11770 5
109 71021 36
110 112373 36
111 152320 50
112 25242 10
113 64925 31
114 66851 51
115 187583 54
116 134292 55
117 69441 31
118 74485 20
119 34082 19
120 7416 4
121 31829 11
122 41927 11
123 150818 52
124 137922 39
125 38399 15
126 10967 3
127 64233 38
128 94208 41
129 50640 37
130 95363 47
131 106466 28
132 45303 13
133 169086 45
134 101797 40
135 39667 13
136 65177 21
137 61367 19
138 102955 26
139 77612 39
140 170936 50
141 28951 21
142 16508 9
143 84772 50
144 93465 26
145 20077 16
146 135078 46
147 42106 27
148 111585 40
149 35817 20
150 139145 45
151 22465 6
152 54557 23
153 98238 43
154 94016 41
155 9332 7
156 110163 34
157 98303 33
158 40670 29
159 7560 6
160 32855 9
161 82726 54
162 64891 25
163 135005 51
164 21186 10
165 102810 32
166 182158 55
167 76887 25
168 89144 37
169 61276 23
170 26079 11
171 16839 5
172 101102 33
173 141999 49
174 45740 31
2
4 41
15 40
12
17 91
43 71
50 144
166 173
19 104
155 166
97 136
3 49
42 83
15 23
101 163
11 132
6
20 92
150 153
21 40
73 155
112 143
3 134
16
27 154
42 165
0 54
24 76
83 171
43 89
10 61
102 145
96 168
25 29
96 148
132 135
15 27
135 154
117 135
20 91
