72
164
0 102028 46
1 82915 23
2 83550 45
3 13447 8
4 10444 4
5 47627 20
6 274783 69
7 276495 71
8 96472 38
9 188301 59
10 82535 63
11 109856 65
12 70970 54
13 179850 69
14 91739 40
15 79406 54
16 18260 7
17 42195 20
18 163706 63
19 62104 27
20 7622 6
21 216507 71
22 179107 72
23 121774 70
24 203849 71
25 210044 54
26 224260 72
27 53903 28
28 173645 52
29 2135 1
30 69044 54
31 137128 65
32 81907 32
33 107432 63
34 241300 71
35 120282 66
36 152166 69
37 203198 62
38 88335 42
39 158219 56
40 65634 17
41 157859 60
42 66381 43
43 110061 64
44 42192 19
45 99112 39
46 85673 22
47 57943 26
48 150860 54
49 78557 20
50 6217 5
51 242031 71
52 4920 4
53 174271 50
54 95699 31
55 106078 68
56 11688 4
57 55090 22
58 191895 48
59 153403 65
60 137770 59
61 68784 55
62 35230 12
63 113479 61
64 191345 53
65 27223 16
66 48183 27
67 11977 3
68 27996 15
69 19319 14
70 52431 31
71 23726 15
72 27254 18
73 70854 25
74 228256 64
75 68038 23
76 66468 35
77 33271 26
78 142903 43
79 91770 26
80 63815 46
81 192881 61
82 65391 47
83 132506 68
84 18947 10
85 115780 62
86 47355 15
87 85787 66
88 3317 2
89 44527 27
90 69110 51
91 47132 19
92 77782 38
93 7956 5
94 157513 42
95 63099 30
96 116992 34
97 153162 51
98 141380 69
99 50367 29
100 127038 72
101 127215 38
102 163703 58
103 175945 48
104 83644 30
105 102009 44
106 3637 2
107 180638 49
108 179287 47
109 56221 37
110 111671 70
111 152906 46
112 62755 23
113 21341 8
114 156674 54
115 68559 18
116 41122 32
117 208405 69
118 67471 17
119 130127 56
120 228789 67
121 62188 35
122 26070 7
123 198028 61
124 26919 7
125 100462 52
126 194709 69
127 22699 16
128 3031 2
129 48561 26
130 259282 65
131 88013 43
132 107930 58
133 89025 38
134 80559 44
135 88936 36
136 16797 12
137 194257 51
138 208721 70
139 220444 59
140 40949 26
141 106387 62
142 101811 34
143 118330 32
144 211513 55
145 162282 47
146 157715 71
147 11210 6
148 68011 43
149 257474 67
150 91575 23
151 12122 8
152 67264 31
153 266091 70
154 279122 70
155 207327 70
156 209040 63
157 38788 13
158 37343 13
159 90161 26
160 20300 12
161 60776 16
162 112691 62
163 150559 61
4
11 57
16 65
33 65
16 24
13
10 18
9 160
71 79
60 123
116 132
51 159
93 97
54 109
131 153
18 35
59 149
108 163
52 77
5
37 74
40 70
27 91
36 94
107 140
16
28 52
92 96
65 102
38 158
11 92
6 66
82 120
43 153
54 157
15 17
6 48
127 152
91 100
16 123
22 26
24 60
