23
41
0 28126 18
1 63220 23
2 12674 4
3 44188 17
4 61907 16
5 1857 1
6 32085 17
7 31559 15
8 60314 23
9 12995 5
10 28540 10
11 6222 2
12 13384 6
13 23903 16
14 12315 5
15 29900 19
16 22988 8
17 38838 16
18 45014 21
19 28357 17
20 10774 3
21 41688 14
22 13003 7
23 19303 12
24 2270 1
25 73021 23
26 19921 8
27 5980 3
28 40778 22
29 47058 17
30 4711 2
31 1501 1
32 51896 20
33 28433 20
34 50109 13
35 57469 18
36 7428 2
37 5481 3
38 10503 7
39 54765 23
40 62025 20
1
1 18
2
20 25
24 37
2
0 31
19 34
4
23 30
3 16
0 18
15 18
