100
311
0 36025 20
1 89747 32
2 224665 58
3 165198 89
4 59324 17
5 195209 76
6 134773 38
7 167656 42
8 132182 82
9 230895 59
10 106649 31
11 214529 97
12 256851 92
13 39463 26
14 207878 100
15 21160 7
16 373352 98
17 76972 40
18 346795 88
19 38764 17
20 85551 52
21 251225 72
22 90042 34
23 102249 62
24 40140 11
25 6096 4
26 179814 73
27 175201 72
28 22610 7
29 259375 85
30 283697 72
31 96568 25
32 32079 26
33 14859 4
34 44609 32
35 166341 55
36 147933 74
37 34696 26
38 65682 18
39 43644 16
40 91579 32
41 115029 38
42 321996 90
43 11546 9
44 6658 4
45 116046 92
46 203989 52
47 395839 99
48 7262 2
49 130558 38
50 162676 73
51 160327 80
52 56807 19
53 76542 41
54 5878 3
55 64269 29
56 91535 43
57 126652 38
58 124080 77
59 186783 71
60 3829 1
61 125505 82
62 148471 45
63 143059 74
64 99800 49
65 65122 25
66 139570 36
67 44830 22
68 73031 36
69 148733 43
70 261886 85
71 158970 65
72 259763 76
73 26644 10
74 8510 4
75 230435 90
76 199273 98
77 355304 90
78 49572 21
79 281709 72
80 119336 60
81 20722 6
82 235902 63
83 170891 79
84 128057 69
85 258446 95
86 69866 24
87 286846 91
88 172435 68
89 105280 64
90 157594 84
91 182265 85
92 177301 80
93 88793 25
94 87524 65
95 11707 5
96 92707 35
97 111559 52
98 20876 16
99 197672 95
100 48462 13
101 125613 90
102 216174 63
103 99075 63
104 157631 94
105 60390 36
106 116465 39
107 23086 16
108 137338 35
109 17179 10
110 122563 31
111 139318 62
112 69858 18
113 187121 80
114 10220 4
115 130781 58
116 137386 63
117 373926 94
118 59858 22
119 33837 27
120 2606 2
121 247364 86
122 46314 32
123 98156 32
124 268330 100
125 353781 96
126 56855 25
127 138985 48
128 177411 50
129 2471 2
130 139665 66
131 209256 87
132 102810 85
133 247239 75
134 132175 73
135 241185 83
136 13841 7
137 65751 40
138 151994 94
139 209659 54
140 201952 55
141 99850 49
142 28134 10
143 54904 29
144 27932 7
145 181699 48
146 39030 12
147 21232 7
148 22257 6
149 105031 72
150 76931 55
151 7809 3
152 43277 15
153 170206 56
154 300203 93
155 272225 77
156 74109 54
157 27771 14
158 90044 56
159 128585 92
160 216037 80
161 20168 6
162 185428 73
163 107324 79
164 126880 51
165 49432 25
166 71712 30
167 91093 66
168 88609 73
169 2839 2
170 52271 41
171 11878 4
172 174964 50
173 170119 56
174 299218 75
175 142600 42
176 136001 36
177 44315 21
178 110979 36
179 72196 28
180 138309 71
181 146479 64
182 25609 15
183 65340 30
184 106023 81
185 37362 14
186 22405 8
187 85572 38
188 143576 58
189 41023 31
190 139254 74
191 79397 22
192 83004 69
193 199108 73
194 58270 22
195 164739 67
196 158213 49
197 4345 3
198 98411 36
199 2075 1
200 69713 20
201 18906 6
202 119485 38
203 148885 65
204 62517 30
205 54084 23
206 145444 40
207 154231 45
208 14260 5
209 117021 66
210 7116 2
211 115239 59
212 28715 17
213 197420 51
214 214867 54
215 207353 81
216 68639 23
217 41401 17
218 82074 54
219 53140 27
220 22806 16
221 53940 22
222 204202 54
223 146499 41
224 325479 94
225 373596 99
226 132946 62
227 17392 14
228 108714 42
229 51174 21
230 110347 50
231 158630 60
232 114794 49
233 227411 74
234 20954 7
235 205587 87
236 199909 74
237 289013 98
238 255061 71
239 41713 14
240 80551 65
241 2810 1
242 28760 19
243 26200 10
244 16876 5
245 142016 71
246 116184 69
247 158437 89
248 147990 46
249 189851 59
250 187007 50
251 86985 43
252 289799 80
253 59155 43
254 162280 81
255 25685 12
256 159396 49
257 121173 61
258 7712 5
259 83142 21
260 107641 35
261 65425 48
262 291011 91
263 190190 100
264 70723 28
265 18270 8
266 100611 46
267 146003 37
268 152405 92
269 44869 13
270 117603 74
271 57691 28
272 55647 36
273 169955 61
274 194106 49
275 103188 77
276 57866 33
277 23696 14
278 91855 45
279 242599 61
280 126930 50
281 118882 50
282 111548 49
283 132701 100
284 49769 31
285 40895 14
286 148108 74
287 57552 26
288 71311 44
289 49705 33
290 268527 82
291 141604 71
292 20542 6
293 339087 100
294 6539 5
295 110644 52
296 43105 14
297 122821 32
298 285104 96
299 192092 51
300 146354 37
301 255020 93
302 229459 77
303 238788 61
304 86145 25
305 139074 38
306 166484 89
307 9281 4
308 17320 8
309 119156 92
310 245453 86
7
0 95
44 97
0 2
12 76
19 57
22 34
26 55
11
257 285
32 147
139 142
98 301
3 298
263 305
36 201
202 273
68 248
29 299
12 27
7
93 216
204 226
142 271
2 198
6 92
69 264
148 230
29
143 267
62 162
245 279
233 245
135 136
132 178
30 182
182 252
159 261
121 142
75 245
36 129
262 306
62 93
16 244
110 221
174 308
44 198
38 178
243 252
153 232
140 277
101 262
93 257
108 168
29 111
30 50
10 280
135 238
