50
162
0 67293 22
1 68397 41
2 41162 21
3 39658 10
4 126092 49
5 65872 36
6 134360 35
7 133377 46
8 24243 8
9 64045 31
10 77792 45
11 93715 39
12 79446 39
13 160339 46
14 23476 6
15 36050 14
16 65839 25
17 66081 33
18 82915 23
19 73730 27
20 61836 47
21 6747 3
22 26318 13
23 103274 36
24 15419 6
25 77318 33
26 117758 45
27 73580 27
28 150151 44
29 168509 45
30 104510 45
31 6684 4
32 10282 4
33 38198 11
34 61903 18
35 171251 47
36 59910 20
37 95539 27
38 57686 24
39 64553 44
40 77418 47
41 61159 41
42 41897 33
43 127952 43
44 82975 33
45 81504 47
46 75192 37
47 2737 2
48 18626 7
49 20025 6
50 72028 46
51 199255 50
52 33800 13
53 33203 19
54 29212 12
55 15063 9
56 34900 15
57 78178 32
58 36065 10
59 83561 40
60 21940 14
61 32552 9
62 56254 27
63 16726 13
64 62846 23
65 114480 43
66 69340 44
67 129802 49
68 16351 6
69 143333 39
70 18266 15
71 38997 10
72 54645 14
73 53242 44
74 49066 27
75 27891 10
76 47382 35
77 81378 33
78 29429 15
79 77498 30
80 167102 43
81 65135 29
82 133937 42
83 128579 47
84 145532 44
85 22178 13
86 59722 23
87 44709 18
88 119153 35
89 37078 19
90 59000 19
91 39782 26
92 39013 12
93 28933 8
94 62878 42
95 58950 34
96 169264 46
97 54898 30
98 67888 28
99 107539 47
100 105367 49
101 75539 48
102 49268 17
103 49852 21
104 46319 33
105 82199 23
106 80325 25
107 59697 36
108 99831 50
109 54959 42
110 64416 20
111 102465 29
112 167815 49
113 47517 14
114 42452 14
115 10397 6
116 94705 35
117 26204 8
118 113953 44
119 101621 48
120 6901 3
121 33775 15
122 20785 7
123 41530 27
124 71068 36
125 66845 34
126 49029 14
127 13473 6
128 25216 7
129 30585 9
130 51660 13
131 112530 37
132 130598 41
133 85360 28
134 84753 42
135 157716 44
136 121092 31
137 128218 41
138 5273 2
139 91843 23
140 113977 50
141 138475 45
142 6837 3
143 63012 29
144 130205 34
145 17259 14
146 19752 10
147 97845 30
148 16246 6
149 88413 42
150 74328 26
151 135577 48
152 63223 43
153 64316 40
154 86971 32
155 129443 40
156 61981 42
157 26919 15
158 63866 27
159 6372 2
160 32235 19
161 123814 34
2
23 47
9 43
10
29 130
81 82
19 92
49 51
75 133
96 108
9 101
36 112
19 73
39 161
7
48 134
125 154
39 89
38 149
109 146
54 67
29 40
18
35 113
108 137
9 45
76 120
21 146
25 93
25 126
62 133
7 10
22 150
66 119
65 149
96 143
41 60
31 160
132 148
40 127
62 160
