82
257
0 86239 32
1 223449 75
2 224836 66
3 83253 23
4 182266 67
5 67222 23
6 157981 57
7 151225 47
8 151924 47
9 181841 81
10 64937 20
11 104231 73
12 93693 78
13 67578 51
14 216216 57
15 101689 30
16 167588 56
17 97503 38
18 114532 32
19 136991 42
20 77496 60
21 208976 73
22 59388 39
23 6007 2
24 186003 69
25 172563 74
26 44643 35
27 93886 52
28 182917 67
29 55656 46
30 307082 78
31 155269 57
32 29836 11
33 88434 72
34 116302 35
35 36680 11
36 213705 72
37 13656 4
38 143759 72
39 83360 30
40 208453 57
41 8845 7
42 17004 7
43 167039 49
44 199520 52
45 291911 82
46 72544 27
47 7210 3
48 55577 21
49 118383 46
50 84810 27
51 65097 44
52 40586 27
53 110899 80
54 129730 58
55 37577 13
56 35616 22
57 141697 63
58 179589 71
59 3332 2
60 98347 31
61 190043 56
62 271378 80
63 80517 57
64 91891 50
65 226464 58
66 21531 9
67 99359 53
68 38813 23
69 110929 45
70 44919 27
71 142639 53
72 119913 54
73 325509 82
74 8708 4
75 17377 13
76 181729 74
77 228785 60
78 72921 25
79 4572 2
80 30069 17
81 164931 75
82 16260 8
83 49880 36
84 118153 37
85 50813 34
86 289725 75
87 25519 11
88 205095 53
89 173226 64
90 280324 76
91 135285 36
92 55333 14
93 62774 21
94 123892 40
95 279919 82
96 3693 2
97 189207 71
98 143740 68
99 109919 55
100 104268 54
101 281654 80
102 56837 16
103 160745 57
104 277560 70
105 235709 71
106 178038 82
107 68221 22
108 2906 2
109 251979 78
110 169400 52
111 147642 42
112 122789 34
113 162393 57
114 118723 74
115 103343 44
116 56999 26
117 59065 48
118 186420 74
119 120499 45
120 63477 26
121 73565 45
122 182358 69
123 40697 12
124 124827 63
125 191318 51
126 135802 53
127 13003 6
128 196040 73
129 55369 15
130 214779 54
131 58054 29
132 157403 51
133 233686 64
134 7500 4
135 216974 63
136 64704 46
137 150548 42
138 39742 29
139 311248 79
140 139695 38
141 21298 6
142 118348 34
143 73633 47
144 62232 42
145 219255 69
146 14308 5
147 84123 50
148 181034 52
149 137248 68
150 63448 47
151 246948 65
152 192805 51
153 206959 58
154 242663 66
155 189611 74
156 35948 26
157 44452 31
158 83160 38
159 179837 67
160 159302 60
161 163885 53
162 44911 15
163 147283 59
164 128432 61
165 3516 1
166 96232 36
167 138041 69
168 83080 55
169 152507 41
170 187354 52
171 89124 72
172 179843 51
173 37379 30
174 61540 22
175 244592 68
176 242590 70
177 105980 31
178 96488 27
179 112256 38
180 136987 61
181 28152 13
182 222833 65
183 84670 30
184 99594 28
185 212557 59
186 138028 47
187 26326 17
188 120414 39
189 78527 34
190 91357 52
191 196667 62
192 281732 78
193 162019 55
194 236573 73
195 97992 66
196 130945 52
197 36305 16
198 16209 6
199 106827 67
200 18205 9
201 104387 58
202 113043 50
203 180350 48
204 86302 34
205 53510 18
206 87346 22
207 145646 37
208 25526 20
209 165146 77
210 93030 49
211 19337 5
212 182112 67
213 66153 51
214 73964 25
215 175798 45
216 160707 50
217 86227 42
218 99219 29
219 154038 42
220 122430 39
221 73171 41
222 98554 79
223 2244 1
224 28692 22
225 44110 16
226 134985 74
227 65303 22
228 105726 63
229 172753 81
230 65302 25
231 69199 18
232 82586 46
233 118166 70
234 111669 30
235 30771 8
236 84614 29
237 18232 8
238 207129 75
239 157248 62
240 183246 48
241 217298 61
242 36958 14
243 122047 80
244 45546 33
245 53020 15
246 11176 8
247 283015 74
248 26025 9
249 113212 42
250 263150 68
251 114735 44
252 103472 38
253 174403 74
254 10433 3
255 73666 51
256 69324 18
2
61 79
26 74
16
130 148
97 247
178 183
212 250
50 94
208 240
32 102
131 209
60 107
115 223
115 235
9 130
155 208
176 197
1 159
119 133
8
110 204
35 183
0 69
166 224
1 41
29 139
196 224
194 224
21
59 79
7 213
107 172
136 184
164 226
25 92
152 233
114 165
107 245
164 247
21 175
180 251
128 154
165 227
47 53
69 129
139 241
38 45
92 101
91 169
110 131
