48
45
0 13580 8
1 50847 34
2 55183 21
3 29531 9
4 42053 17
5 135716 47
6 79279 35
7 30638 17
8 17503 5
9 26539 13
10 129046 47
11 40220 15
12 28199 14
13 16888 12
14 63347 17
15 49842 24
16 21469 11
17 33044 18
18 81180 36
19 5510 2
20 20949 11
21 108825 33
22 44138 12
23 70179 20
24 117544 39
25 43838 12
26 24899 19
27 58255 23
28 11804 4
29 88064 37
30 70767 28
31 5227 2
32 5488 3
33 87609 36
34 2417 1
35 14654 9
36 66060 37
37 39097 25
38 45200 24
39 43484 11
40 36723 16
41 115236 35
42 5615 3
43 13351 5
44 94351 31
1
11 19
2
15 19
26 43
2
37 43
11 31
5
19 22
2 6
18 43
3 13
0 19
