80
299
0 270076 68
1 29653 23
2 237633 72
3 100723 44
4 3629 2
5 35300 12
6 35843 21
7 12899 9
8 179080 76
9 73115 60
10 239603 66
11 124303 38
12 183152 68
13 72409 24
14 155004 47
15 217894 69
16 178474 51
17 204864 75
18 30588 10
19 109048 38
20 81190 55
21 112450 55
22 214262 64
23 39301 30
24 251034 72
25 122015 75
26 19118 13
27 42774 31
28 83505 47
29 89201 30
30 210298 59
31 116107 61
32 30909 25
33 25013 12
34 32932 11
35 47391 27
36 170024 49
37 30078 9
38 81905 49
39 108022 33
40 124383 60
41 185013 50
42 114219 35
43 35175 25
44 198699 72
45 217121 65
46 211042 75
47 90846 32
48 155241 39
49 280477 80
50 66716 24
51 291188 80
52 34779 10
53 182717 79
54 210624 74
55 75639 53
56 102296 62
57 216677 73
58 124230 32
59 123378 39
60 125053 39
61 123365 46
62 114950 34
63 167283 46
64 60060 32
65 186140 54
66 99525 46
67 269975 71
68 82326 25
69 158212 45
70 146379 62
71 44825 21
72 108245 61
73 107909 73
74 40637 15
75 150363 64
76 9185 3
77 118343 57
78 205225 55
79 104688 40
80 28122 12
81 177782 59
82 9609 5
83 160894 74
84 125545 40
85 137662 36
86 230903 72
87 30948 20
88 54647 39
89 37670 12
90 37969 21
91 35678 13
92 216899 68
93 47842 19
94 198663 54
95 108203 41
96 111704 38
97 129620 38
98 101014 30
99 92431 35
100 10163 4
101 206556 72
102 109762 40
103 20920 9
104 50694 15
105 15019 7
106 29063 14
107 138774 75
108 23663 6
109 117135 35
110 12701 7
111 111707 77
112 131464 59
113 136522 46
114 168186 52
115 52165 17
116 153061 79
117 30495 11
118 188950 55
119 123219 52
120 133611 48
121 54498 22
122 88642 30
123 147282 45
124 129602 36
125 210827 53
126 179361 49
127 3799 1
128 137311 73
129 106774 32
130 76362 26
131 34566 17
132 195252 67
133 248873 78
134 52390 40
135 268488 69
136 102060 79
137 94515 26
138 74903 20
139 2128 1
140 179227 49
141 114351 45
142 15670 4
143 18005 10
144 12707 6
145 11778 6
146 93917 34
147 41137 14
148 27402 11
149 57968 30
150 52936 42
151 14980 6
152 122236 36
153 104520 43
154 114841 74
155 84335 37
156 11357 6
157 285979 79
158 78214 38
159 10921 7
160 180503 70
161 93168 48
162 70335 19
163 163850 66
164 180031 61
165 71516 40
166 92730 47
167 227866 80
168 102827 28
169 237852 79
170 71451 29
171 119115 68
172 33698 15
173 133686 49
174 168992 45
175 235242 70
176 84051 54
177 27849 7
178 11377 3
179 134371 53
180 70032 18
181 90722 35
182 114348 42
183 34884 27
184 80264 34
185 61905 23
186 139473 77
187 210907 59
188 113618 47
189 156055 55
190 115370 52
191 77860 39
192 156177 77
193 95536 36
194 113864 54
195 43041 15
196 157679 53
197 76992 47
198 162080 79
199 162227 80
200 68448 19
201 3697 2
202 169015 66
203 70344 41
204 55921 14
205 210002 78
206 54247 20
207 96037 33
208 166555 74
209 119918 55
210 160729 45
211 8151 4
212 34147 14
213 68326 23
214 165269 49
215 123558 65
216 12686 4
217 60526 27
218 25503 11
219 151987 78
220 143385 58
221 132092 36
222 159421 80
223 220980 65
224 45521 18
225 253626 73
226 83367 61
227 106857 28
228 97168 36
229 168091 56
230 94597 36
231 204559 60
232 233859 63
233 189322 63
234 156991 58
235 159625 51
236 138106 64
237 34088 12
238 186773 80
239 65106 27
240 97087 57
241 277227 72
242 306815 77
243 146138 80
244 40187 14
245 49985 18
246 110235 29
247 38575 18
248 148185 65
249 18048 7
250 105332 32
251 103852 27
252 28902 8
253 184022 55
254 79013 30
255 101623 75
256 6920 4
257 94572 51
258 119983 60
259 39221 10
260 273185 79
261 96766 80
262 71674 45
263 166264 42
264 167108 43
265 67212 27
266 11178 5
267 235199 78
268 175934 68
269 74751 40
270 36229 19
271 163579 59
272 189756 49
273 76449 33
274 82337 29
275 194420 70
276 217567 67
277 145685 47
278 45506 23
279 13311 7
280 64325 18
281 182228 55
282 150274 52
283 114677 35
284 215048 72
285 86880 26
286 53177 25
287 91264 32
288 23095 15
289 97128 46
290 124786 64
291 96554 41
292 171667 74
293 13552 6
294 7348 3
295 55028 15
296 142941 49
297 124857 63
298 57673 21
3
4 73
8 13
77 79
15
15 25
20 40
138 205
207 268
51 170
79 274
106 269
30 273
86 267
135 275
110 213
67 155
163 269
114 149
52 140
6
162 172
17 260
118 149
215 221
191 279
16 244
20
15 42
100 210
77 123
155 198
125 247
165 179
132 154
154 297
94 207
127 149
68 109
178 209
25 187
55 237
66 75
75 109
16 183
2 95
0 31
36 295
