100
315
0 4864 4
1 17765 10
2 194341 83
3 200522 59
4 109886 71
5 331769 100
6 61238 21
7 355210 94
8 77168 24
9 114751 60
10 25935 9
11 12447 4
12 80506 50
13 23561 7
14 111633 75
15 55465 15
16 79787 20
17 217206 85
18 72994 21
19 96668 73
20 22069 16
21 165083 56
22 68816 44
23 166429 48
24 237910 64
25 20729 14
26 46371 25
27 57613 23
28 6446 2
29 206498 54
30 60681 18
31 101469 81
32 186205 94
33 356186 90
34 291002 93
35 91117 52
36 52400 16
37 143117 69
38 174195 91
39 98936 77
40 23412 15
41 17917 6
42 77822 25
43 38679 15
44 41250 17
45 111872 29
46 25585 7
47 212457 70
48 24177 13
49 281614 85
50 177154 76
51 114557 62
52 124904 65
53 243753 63
54 71712 45
55 12813 6
56 179855 89
57 179338 45
58 84868 44
59 118563 35
60 139005 53
61 183012 83
62 100458 80
63 362655 94
64 149018 38
65 68607 20
66 66389 34
67 11622 3
68 280256 99
69 362779 93
70 365494 97
71 3222 2
72 122330 48
73 263415 78
74 149285 72
75 110752 50
76 304580 84
77 85194 50
78 83991 23
79 52657 33
80 66484 37
81 121663 72
82 282266 74
83 179023 59
84 168576 50
85 109686 30
86 37018 11
87 42466 12
88 89485 41
89 185696 64
90 332233 97
91 106801 45
92 177531 61
93 42643 32
94 36468 15
95 119025 42
96 18644 7
97 89658 39
98 95890 63
99 245492 79
100 22592 17
101 279918 79
102 42629 14
103 38706 32
104 75848 38
105 61177 40
106 315406 94
107 137127 54
108 33588 9
109 4255 2
110 117109 37
111 4760 3
112 244239 92
113 160942 76
114 38767 20
115 63576 27
116 146791 37
117 13550 9
118 95597 29
119 11557 9
120 109698 63
121 302066 97
122 166281 55
123 188101 84
124 363549 100
125 62023 18
126 259082 83
127 2003 1
128 124193 56
129 156327 98
130 111736 36
131 57609 15
132 108068 39
133 205283 87
134 160183 91
135 124299 49
136 43542 14
137 10499 7
138 93226 41
139 137317 40
140 81057 22
141 61101 17
142 8761 4
143 279786 81
144 271805 83
145 33640 12
146 9745 5
147 56172 23
148 248835 82
149 152063 54
150 130427 83
151 229401 61
152 33694 10
153 182299 49
154 139455 95
155 27894 14
156 180722 61
157 256244 99
158 87887 28
159 70364 40
160 16455 11
161 75367 59
162 137722 38
163 78734 21
164 310478 82
165 45736 17
166 39348 20
167 137518 90
168 99414 50
169 51464 25
170 173551 63
171 251275 73
172 17873 14
173 319786 98
174 11486 4
175 75293 35
176 151585 42
177 244460 92
178 231048 70
179 27972 12
180 151739 46
181 120730 86
182 58259 45
183 104178 32
184 277865 83
185 86115 52
186 265119 78
187 27557 9
188 32237 10
189 52786 40
190 67269 50
191 222689 74
192 168988 51
193 38284 13
194 98427 28
195 211409 100
196 7126 5
197 47929 25
198 156885 72
199 204874 75
200 60311 30
201 186388 51
202 36957 16
203 139323 35
204 209344 84
205 31394 9
206 247721 84
207 178920 66
208 82176 48
209 25131 13
210 174853 82
211 92694 29
212 269347 76
213 56842 25
214 126355 64
215 148804 80
216 66267 26
217 133319 56
218 226740 70
219 241045 97
220 114746 33
221 237296 62
222 303858 79
223 64998 18
224 372723 98
225 42072 32
226 186446 83
227 32543 10
228 180652 62
229 90230 24
230 6559 5
231 126547 57
232 105640 29
233 340998 92
234 298953 83
235 89175 30
236 3838 1
237 99132 31
238 100459 28
239 388033 100
240 295464 90
241 152441 50
242 209799 68
243 14357 11
244 141421 64
245 32379 16
246 201966 66
247 39951 17
248 133246 86
249 281389 75
250 282291 91
251 245610 86
252 281439 72
253 31529 8
254 56883 43
255 61205 36
256 254907 84
257 27526 9
258 150771 41
259 180809 49
260 249450 74
261 165591 75
262 15339 10
263 167073 61
264 227065 96
265 126777 97
266 49175 13
267 194074 49
268 139792 75
269 176008 74
270 185588 55
271 87742 44
272 188037 51
273 160338 99
274 212565 56
275 246724 94
276 215886 96
277 46771 25
278 66557 20
279 183899 47
280 199571 88
281 357226 99
282 78838 33
283 141579 97
284 154360 57
285 171336 46
286 156376 77
287 57477 46
288 133247 82
289 42982 28
290 109926 45
291 74364 22
292 40502 25
293 145266 50
294 116216 34
295 164788 45
296 79290 24
297 341628 87
298 116184 96
299 272453 73
300 193699 96
301 18529 13
302 78829 61
303 101551 30
304 95366 29
305 293574 95
306 112161 46
307 175648 71
308 154136 42
309 294135 76
310 44890 30
311 83783 36
312 185638 97
313 2033 1
314 295884 98
8
36 86
17 58
15 20
65 95
86 90
64 73
11 96
19 49
25
200 208
21 234
153 298
55 194
91 104
181 285
65 206
146 264
191 314
214 268
133 219
173 289
8 209
17 147
232 302
120 212
59 67
125 203
66 132
271 289
97 243
136 158
106 115
185 257
23 120
7
154 314
159 306
251 275
151 281
203 214
63 181
0 65
32
48 176
47 111
137 221
250 304
19 209
7 190
47 234
98 145
170 237
203 253
7 130
63 187
166 244
148 309
102 292
113 309
32 97
132 172
4 112
211 242
172 223
68 267
71 253
38 265
129 297
100 179
144 166
43 210
44 273
208 256
119 129
69 83
