50
126
0 42994 29
1 102866 28
2 5758 2
3 20641 7
4 53513 29
5 72082 34
6 13096 6
7 66974 23
8 18064 13
9 65476 38
10 181407 50
11 11010 3
12 45680 12
13 18487 7
14 14614 8
15 71291 42
16 91400 38
17 185505 49
18 126473 34
19 149823 40
20 145365 40
21 115066 31
22 95553 26
23 105694 30
24 18606 9
25 159635 44
26 69627 43
27 95165 42
28 14565 4
29 27535 11
30 52114 24
31 47343 23
32 14226 10
33 142431 36
34 168349 43
35 119355 35
36 56309 22
37 180871 47
38 158568 44
39 28490 17
40 80990 29
41 110511 36
42 137272 35
43 125556 45
44 127372 39
45 160605 49
46 25076 20
47 148843 42
48 96872 35
49 102416 39
50 110602 40
51 55799 14
52 42019 24
53 7747 2
54 22335 12
55 48802 15
56 53928 27
57 111328 33
58 1404 1
59 71815 38
60 60969 30
61 4022 3
62 13034 10
63 19935 5
64 7598 3
65 35851 22
66 55093 22
67 9056 4
68 130138 42
69 32121 19
70 31573 13
71 28281 12
72 12646 4
73 89205 23
74 63009 25
75 30679 21
76 103857 27
77 26561 15
78 115937 30
79 9622 6
80 84517 31
81 46737 17
82 101245 33
83 40721 12
84 53584 30
85 91368 26
86 37282 15
87 20904 8
88 122638 42
89 29878 11
90 76229 26
91 39464 16
92 116946 41
93 13194 10
94 63410 50
95 84204 33
96 38983 11
97 13698 9
98 150088 49
99 8409 3
100 2953 1
101 96441 42
102 115590 36
103 150249 45
104 4841 4
105 125120 43
106 29023 21
107 57553 47
108 24066 17
109 26464 7
110 17268 9
111 63670 31
112 85878 27
113 158357 45
114 6756 2
115 101595 30
116 61506 40
117 61405 16
118 108178 45
119 85591 42
120 38749 22
121 122968 33
122 34675 13
123 65426 17
124 79444 38
125 102420 36
3
23 44
19 47
11 34
10
13 72
71 125
72 87
14 117
41 55
34 97
54 76
52 60
3 40
99 114
3
46 62
99 111
87 104
13
36 114
47 77
90 107
86 116
50 106
43 58
21 67
10 40
46 111
19 94
82 94
42 88
76 99
