34
74
0 26001 7
1 10823 5
2 32337 25
3 110942 28
4 62921 32
5 9511 4
6 62888 28
7 115954 32
8 35307 25
9 38092 15
10 8361 4
11 40708 30
12 11222 3
13 38735 13
14 66056 18
15 27718 17
16 10613 8
17 121763 34
18 38407 24
19 92363 26
20 2323 1
21 68157 34
22 38186 11
23 12506 4
24 9665 5
25 78958 25
26 87637 29
27 20682 7
28 19127 6
29 52320 15
30 11008 4
31 83904 26
32 63556 34
33 53431 24
34 91748 34
35 91693 32
36 66967 29
37 26172 10
38 11304 4
39 66379 23
40 28678 12
41 41812 24
42 50946 20
43 17323 6
44 6837 3
45 40226 27
46 101217 34
47 77545 26
48 6821 3
49 64417 18
50 45067 12
51 78195 32
52 36646 14
53 3970 1
54 30847 14
55 76294 31
56 72297 34
57 43246 31
58 57180 32
59 8200 4
60 45483 25
61 57512 21
62 83896 34
63 41924 19
64 54518 30
65 20915 17
66 35619 11
67 68489 18
68 87175 24
69 23224 10
70 98219 25
71 57125 20
72 87331 25
73 38428 18
1
9 18
5
7 11
41 47
37 45
63 65
20 25
3
32 58
3 23
3 43
6
7 49
38 58
14 51
21 39
9 70
41 60
