89
288
0 69887 26
1 182470 54
2 263102 66
3 52815 37
4 7410 5
5 103665 45
6 207737 83
7 119671 49
8 107931 37
9 207573 52
10 3771 1
11 142836 56
12 231569 87
13 50154 20
14 320545 87
15 170716 56
16 280409 76
17 171561 77
18 216767 61
19 137306 48
20 109345 54
21 58883 45
22 181120 55
23 149759 57
24 33138 9
25 79437 30
26 85379 30
27 15038 4
28 73246 44
29 93957 24
30 14063 9
31 89411 23
32 101984 78
33 59460 30
34 7759 2
35 258414 67
36 180316 56
37 46568 23
38 176651 51
39 117642 40
40 8611 5
41 115779 62
42 24449 14
43 147341 61
44 87558 40
45 69668 51
46 161244 76
47 151228 43
48 89776 60
49 30926 8
50 74403 38
51 151896 59
52 139162 71
53 76637 49
54 76601 55
55 10196 6
56 59453 48
57 86079 38
58 9638 8
59 16235 5
60 12306 6
61 136765 77
62 243427 61
63 32385 11
64 22925 18
65 121777 72
66 21835 14
67 30707 9
68 132358 85
69 44321 26
70 189064 63
71 16972 11
72 190033 61
73 122054 65
74 110704 70
75 46012 18
76 200072 55
77 25691 17
78 229987 81
79 17967 5
80 150241 71
81 40381 13
82 142573 48
83 269572 72
84 232090 74
85 141603 51
86 111385 31
87 130798 89
88 63646 20
89 157912 52
90 90655 37
91 175951 65
92 3730 3
93 1786 1
94 128924 33
95 161716 89
96 136675 84
97 43982 24
98 202452 63
99 136177 86
100 77376 36
101 24275 18
102 87729 23
103 194090 85
104 76628 42
105 122123 81
106 207758 65
107 64237 19
108 81661 33
109 45170 25
110 271870 80
111 170490 89
112 159959 46
113 89438 52
114 94037 36
115 179963 72
116 16449 5
117 81952 43
118 70046 51
119 205593 54
120 62872 35
121 46917 34
122 136723 35
123 24174 11
124 209985 84
125 3978 1
126 71717 35
127 315503 84
128 44206 23
129 87328 48
130 58999 22
131 40892 26
132 138352 53
133 284632 89
134 15655 6
135 1323 1
136 135198 78
137 74142 43
138 123795 52
139 233820 75
140 35338 26
141 241970 83
142 89491 25
143 256549 70
144 225091 58
145 183753 80
146 101869 45
147 19094 15
148 160137 54
149 91700 24
150 119446 30
151 198134 81
152 96276 77
153 330903 86
154 94793 25
155 166440 53
156 35282 21
157 216824 87
158 175384 49
159 295921 83
160 66721 28
161 33772 9
162 62459 21
163 2432 1
164 41742 24
165 40403 20
166 53678 23
167 107968 33
168 210009 83
169 120979 42
170 194579 55
171 103448 60
172 118931 33
173 82886 41
174 76942 33
175 193503 49
176 11791 3
177 234274 83
178 131214 65
179 137369 55
180 300371 84
181 73102 53
182 10391 3
183 108850 72
184 136585 36
185 5280 4
186 254723 64
187 199860 50
188 125997 45
189 210543 61
190 214121 57
191 224762 61
192 32075 24
193 186856 78
194 72752 27
195 84681 56
196 47565 29
197 78063 22
198 212392 78
199 130941 81
200 159545 64
201 108909 57
202 141756 63
203 165028 63
204 271229 68
205 40687 29
206 125554 47
207 201474 51
208 335619 84
209 117616 77
210 65004 40
211 114610 65
212 26984 19
213 78301 44
214 8084 6
215 199035 63
216 30797 10
217 94849 68
218 62813 18
219 219618 60
220 58506 18
221 51410 34
222 93559 39
223 51065 17
224 68808 48
225 65133 43
226 22812 13
227 134162 40
228 124037 40
229 103715 47
230 3891 1
231 179357 61
232 118485 52
233 41778 12
234 105741 35
235 196384 56
236 96922 49
237 119919 55
238 116351 55
239 51398 35
240 52073 18
241 97963 42
242 150444 38
243 159670 58
244 59668 32
245 105437 60
246 158091 44
247 99971 29
248 30350 20
249 236484 69
250 210186 78
251 72031 41
252 35116 12
253 43046 21
254 142026 46
255 25369 15
256 143226 49
257 90991 42
258 163794 43
259 1975 1
260 272285 85
261 130609 39
262 51050 24
263 128089 72
264 136308 61
265 36563 11
266 149654 68
267 20141 14
268 82196 49
269 182798 51
270 249448 63
271 69126 19
272 26581 19
273 27908 15
274 128588 81
275 87018 52
276 55126 37
277 241003 74
278 29815 13
279 155057 39
280 107514 52
281 200248 68
282 86265 35
283 142965 81
284 311547 83
285 130791 52
286 87637 23
287 79268 21
7
10 27
66 81
45 86
58 84
11 42
54 66
38 58
20
28 71
89 178
115 255
33 118
64 225
50 222
115 184
61 165
68 102
121 280
161 254
175 246
138 258
9 151
92 139
100 256
56 280
159 225
56 89
24 233
11
270 271
279 287
192 214
162 172
116 169
74 253
13 266
71 246
0 43
9 287
56 70
15
28 164
99 159
24 32
90 117
184 196
188 271
107 214
20 200
3 114
5 228
78 212
32 102
66 162
143 150
175 231
