28
47
0 77371 21
1 22005 10
2 49757 25
3 11789 4
4 36380 10
5 51430 16
6 30442 23
7 28318 12
8 22467 6
9 34398 11
10 33969 10
11 71374 22
12 34354 22
13 16315 10
14 72073 22
15 80599 25
16 31916 22
17 85710 26
18 37205 14
19 11216 7
20 85243 28
21 29217 21
22 43166 26
23 88341 26
24 33275 18
25 43393 15
26 56948 27
27 37367 19
28 86096 27
29 39624 14
30 46010 23
31 70609 20
32 14825 4
33 78914 26
34 15949 7
35 44571 24
36 6896 4
37 62221 21
38 10990 5
39 35078 25
40 48636 20
41 45186 25
42 31468 21
43 45471 13
44 40938 20
45 43038 22
46 79985 20
2
13 24
20 24
3
9 16
12 15
4 6
2
23 29
3 4
3
21 36
4 43
1 41
