96
250
0 142253 80
1 113234 88
2 126587 50
3 79404 31
4 117262 61
5 5044 2
6 79751 43
7 10328 3
8 231119 71
9 5058 4
10 224900 73
11 60577 27
12 127806 93
13 180519 68
14 147917 61
15 12087 7
16 226746 64
17 12710 6
18 53572 16
19 202264 68
20 156948 40
21 19664 6
22 203515 93
23 103895 45
24 92869 36
25 136606 60
26 137560 61
27 167316 77
28 262341 69
29 217125 91
30 103711 49
31 24913 16
32 102393 82
33 25008 7
34 160381 88
35 235425 80
36 62019 39
37 153276 76
38 260186 89
39 53392 23
40 32609 9
41 148797 38
42 49547 28
43 43850 14
44 238807 88
45 336641 90
46 117757 92
47 91909 24
48 123008 36
49 95223 43
50 145608 51
51 61621 19
52 167946 65
53 35518 24
54 205234 93
55 215690 76
56 57311 37
57 150903 92
58 119913 51
59 160502 41
60 245085 91
61 64413 17
62 1852 1
63 169125 66
64 17223 7
65 279694 70
66 164468 50
67 250191 85
68 266642 70
69 149506 39
70 365016 96
71 73325 21
72 155973 59
73 131216 61
74 108316 28
75 34823 23
76 79371 65
77 116664 47
78 114272 35
79 143703 79
80 48018 36
81 103906 50
82 67194 20
83 277690 84
84 159223 53
85 91857 61
86 118247 56
87 66469 24
88 195852 78
89 225896 61
90 201517 69
91 49645 23
92 180430 49
93 307485 95
94 3517 1
95 256325 72
96 199341 69
97 125729 44
98 297730 89
99 90355 45
100 20224 12
101 61172 18
102 68596 46
103 282574 83
104 87899 36
105 47216 18
106 156815 90
107 22075 6
108 74803 36
109 206677 89
110 144410 79
111 123001 67
112 163337 70
113 140330 82
114 136029 59
115 124169 83
116 198095 87
117 54964 25
118 173016 62
119 9368 7
120 18565 9
121 118224 90
122 88192 24
123 224219 71
124 185363 68
125 3064 2
126 57616 24
127 41418 20
128 156501 41
129 24569 17
130 260413 88
131 32957 22
132 327731 85
133 4258 2
134 127375 36
135 73528 32
136 335407 88
137 109088 54
138 80871 36
139 74005 34
140 38014 28
141 224257 76
142 239678 92
143 17505 13
144 269218 76
145 137821 45
146 109971 65
147 79502 58
148 294772 77
149 241216 70
150 118023 48
151 69231 40
152 113873 64
153 3956 2
154 64065 30
155 99962 54
156 127566 45
157 6416 4
158 35507 25
159 121859 41
160 136228 49
161 312803 91
162 3753 1
163 188864 56
164 14676 9
165 118910 74
166 4326 3
167 133652 58
168 106992 36
169 45936 31
170 43774 24
171 190512 56
172 203584 85
173 103352 61
174 199029 75
175 79756 38
176 15788 8
177 163871 87
178 119825 37
179 242697 75
180 107190 41
181 100832 35
182 46461 16
183 55910 38
184 48784 35
185 142684 66
186 61202 48
187 175260 49
188 79896 27
189 131806 34
190 42450 33
191 34764 10
192 71112 47
193 175344 64
194 4673 3
195 325169 89
196 37813 13
197 303970 87
198 82030 68
199 117598 87
200 155518 52
201 125454 36
202 36288 29
203 161540 61
204 2725 1
205 260980 92
206 11808 8
207 90881 54
208 234133 81
209 49291 24
210 183497 57
211 98053 25
212 127539 90
213 227281 62
214 172950 45
215 96109 34
216 235015 69
217 229826 86
218 121938 42
219 160196 62
220 220297 64
221 109143 84
222 152834 47
223 100165 57
224 262028 69
225 192160 94
226 198948 79
227 106663 65
228 105489 30
229 198698 52
230 115185 34
231 234210 60
232 183123 84
233 30745 14
234 103945 63
235 148356 67
236 70413 27
237 34043 22
238 102961 73
239 18175 6
240 29094 10
241 151055 73
242 63970 16
243 102733 44
244 284658 93
245 111910 31
246 76497 52
247 1222 1
248 176260 45
249 2761 1
2
4 69
21 55
11
62 187
7 203
28 52
11 30
81 87
78 151
22 240
45 99
5 167
62 183
86 104
6
80 197
72 243
213 222
53 158
54 96
31 204
30
147 207
156 206
149 172
140 198
76 213
120 219
16 122
82 215
62 144
94 206
6 56
23 61
6 208
45 82
139 157
37 128
45 198
127 226
40 95
196 227
63 134
39 90
176 177
156 167
22 93
201 245
144 146
84 207
35 133
53 64
