88
248
0 46973 26
1 23166 8
2 118911 34
3 129095 77
4 71371 18
5 59435 17
6 82760 30
7 230418 61
8 202485 71
9 114367 46
10 94260 48
11 176717 85
12 85956 31
13 81163 65
14 325161 83
15 129892 61
16 68046 23
17 88210 52
18 94153 70
19 303550 78
20 15337 10
21 89128 37
22 177847 72
23 104115 69
24 88378 53
25 139567 80
26 215117 71
27 69242 35
28 199067 84
29 289339 79
30 56353 16
31 76399 56
32 47300 15
33 222444 77
34 297475 81
35 53980 22
36 32056 12
37 169364 77
38 6307 3
39 144111 43
40 171652 70
41 117498 35
42 127314 63
43 211348 78
44 139304 73
45 95365 64
46 21164 10
47 101478 32
48 86697 45
49 35738 12
50 110375 62
51 121550 43
52 249743 85
53 94868 25
54 43835 18
55 48024 28
56 83225 28
57 109111 59
58 141330 61
59 2636 2
60 50868 27
61 118810 32
62 137238 42
63 60990 30
64 214698 82
65 107699 38
66 187749 65
67 77227 31
68 86413 31
69 18398 11
70 23516 9
71 63345 44
72 2654 2
73 70823 18
74 134562 49
75 116116 54
76 196782 66
77 22781 14
78 240812 83
79 32757 21
80 87191 46
81 252107 73
82 94166 40
83 35020 25
84 104537 50
85 104218 37
86 52564 21
87 166188 81
88 32865 11
89 165616 74
90 28855 17
91 79369 22
92 71525 50
93 145915 54
94 287830 75
95 42006 13
96 120295 41
97 88425 68
98 68351 37
99 18731 5
100 83076 66
101 177738 72
102 120287 38
103 202904 64
104 4888 3
105 154421 65
106 247541 70
107 103401 75
108 107356 36
109 113191 57
110 40108 32
111 89145 64
112 139218 44
113 109042 57
114 25897 16
115 81352 23
116 206138 81
117 25043 18
118 171118 53
119 122410 32
120 50219 22
121 39649 24
122 114649 82
123 59671 17
124 62083 19
125 75747 38
126 132924 70
127 64271 33
128 1208 1
129 94038 55
130 228055 73
131 79544 44
132 40251 27
133 90955 71
134 127845 37
135 40489 16
136 182051 74
137 27505 12
138 158400 42
139 221819 74
140 71564 32
141 84203 36
142 74850 60
143 230517 73
144 93896 38
145 159298 45
146 150194 72
147 21997 7
148 249933 85
149 12508 7
150 144098 38
151 221852 80
152 4917 2
153 104044 70
154 33458 15
155 90054 64
156 20729 7
157 71181 25
158 192717 54
159 91383 49
160 106529 58
161 232003 72
162 110349 69
163 13675 4
164 124483 35
165 12858 4
166 39094 13
167 23898 13
168 16358 8
169 8911 5
170 29180 9
171 225043 61
172 288746 87
173 182152 52
174 71353 24
175 227788 65
176 107147 27
177 142724 73
178 184413 57
179 135040 68
180 2442 2
181 251602 87
182 301129 81
183 8717 4
184 64008 49
185 22573 17
186 66874 24
187 117652 47
188 25422 8
189 155129 44
190 220790 60
191 315916 80
192 104203 31
193 92833 43
194 89231 35
195 61290 19
196 16678 13
197 81155 57
198 147761 43
199 62793 16
200 49260 27
201 41296 24
202 115914 71
203 92454 46
204 58698 18
205 135786 36
206 122046 33
207 19960 5
208 103829 45
209 154345 60
210 35437 20
211 209726 65
212 50542 19
213 63262 26
214 23422 12
215 205901 61
216 318013 88
217 53960 35
218 32084 24
219 44380 20
220 140200 64
221 77794 24
222 93758 67
223 108299 31
224 209609 56
225 84965 64
226 90949 74
227 284113 86
228 264117 83
229 31441 14
230 8984 7
231 113037 47
232 23848 7
233 26748 7
234 72132 32
235 43431 18
236 75865 39
237 70021 57
238 7048 2
239 157406 75
240 156793 58
241 167447 49
242 83334 42
243 7702 5
244 9179 3
245 238615 62
246 116591 57
247 162297 82
2
8 12
16 32
11
109 179
3 28
127 128
71 141
150 201
157 167
56 78
188 217
30 171
193 225
43 170
5
166 233
33 159
178 185
0 40
27 155
16
23 206
164 165
146 231
143 231
201 211
75 133
119 206
2 103
34 221
58 219
145 200
52 204
123 211
109 223
144 158
109 200
