75
168
0 187509 62
1 56684 36
2 114650 58
3 93202 56
4 3667 3
5 50471 25
6 69833 27
7 96561 42
8 48826 17
9 57750 22
10 233239 72
11 147285 53
12 235372 71
13 23139 8
14 216893 75
15 25543 19
16 82876 52
17 35876 10
18 237594 71
19 2690 1
20 250508 73
21 232700 61
22 115909 63
23 242879 75
24 179692 50
25 61804 49
26 52337 16
27 35630 15
28 77667 38
29 42429 17
30 81900 51
31 235786 73
32 65413 32
33 1715 1
34 2380 1
35 74894 34
36 70415 34
37 1274 1
38 72737 23
39 111512 52
40 20518 8
41 275561 74
42 30038 18
43 135864 40
44 9743 3
45 218905 59
46 56015 18
47 84531 39
48 147142 55
49 110041 33
50 160073 69
51 89761 50
52 125475 71
53 36428 17
54 25247 10
55 112831 65
56 102693 34
57 67072 26
58 173198 50
59 51179 30
60 102808 35
61 19750 12
62 61677 25
63 172831 45
64 153520 58
65 133601 46
66 239541 65
67 59454 25
68 18420 5
69 250926 64
70 13637 4
71 9682 4
72 97263 30
73 157131 47
74 62777 51
75 84075 35
76 70624 38
77 99650 60
78 134206 65
79 94766 41
80 184531 51
81 150524 44
82 164583 61
83 6380 3
84 138691 50
85 200589 52
86 55499 44
87 33890 14
88 60863 25
89 16961 12
90 232361 69
91 156742 55
92 50614 42
93 55244 46
94 4302 2
95 43353 33
96 170452 74
97 30561 11
98 33436 13
99 96552 34
100 148772 49
101 204425 60
102 32250 10
103 105883 33
104 25968 9
105 214959 60
106 17916 10
107 138314 39
108 84670 27
109 134441 63
110 210150 68
111 63850 16
112 238848 65
113 14855 5
114 149089 58
115 123984 73
116 154846 60
117 27558 7
118 68832 22
119 76027 41
120 166642 48
121 16526 9
122 139057 67
123 93665 43
124 198737 53
125 110368 70
126 127344 69
127 125195 70
128 246819 64
129 75508 27
130 115821 65
131 15865 7
132 208037 55
133 30439 23
134 98694 47
135 15350 4
136 148046 55
137 114543 41
138 26655 13
139 43523 33
140 8208 3
141 121960 33
142 195479 60
143 19907 7
144 3496 2
145 18180 15
146 90078 62
147 181090 64
148 231843 74
149 204922 59
150 157290 53
151 32779 9
152 272435 75
153 125460 48
154 117792 45
155 147822 41
156 103049 49
157 197681 58
158 47364 18
159 249555 64
160 36908 18
161 264529 67
162 66559 21
163 43606 36
164 204408 73
165 9280 6
166 72907 28
167 196786 67
2
36 65
11 68
7
102 148
87 108
25 48
49 72
44 129
122 130
76 122
7
132 149
122 138
117 129
9 117
110 141
69 86
79 89
18
103 115
83 106
17 75
9 129
4 8
32 54
117 151
19 117
33 141
20 55
58 142
35 49
4 139
11 140
52 84
7 123
26 152
44 146
