56
137
0 37919 16
1 116900 42
2 79868 42
3 5805 2
4 14532 6
5 15834 6
6 64411 43
7 95602 38
8 144776 43
9 46048 25
10 46178 29
11 2302 1
12 103935 51
13 60178 23
14 33098 16
15 45876 19
16 25485 13
17 33399 10
18 66297 32
19 62569 32
20 22704 10
21 66589 18
22 1836 1
23 61856 17
24 16326 5
25 101614 29
26 73720 35
27 64983 28
28 105358 29
29 15995 4
30 42689 24
31 69953 28
32 120228 37
33 16534 5
34 84269 32
35 21273 13
36 18893 12
37 5956 2
38 20788 8
39 87903 38
40 14775 8
41 46083 22
42 55579 34
43 207519 54
44 22055 9
45 56783 27
46 73049 45
47 9141 3
48 74605 20
49 31964 13
50 51505 19
51 3326 1
52 55273 17
53 91825 50
54 131859 40
55 2048 1
56 41126 12
57 3471 2
58 88014 29
59 101447 29
60 77825 30
61 171340 47
62 48820 31
63 25853 18
64 59282 28
65 80822 50
66 18667 6
67 89331 56
68 81498 25
69 176387 56
70 38102 13
71 191670 52
72 8767 3
73 57082 33
74 43279 20
75 139273 37
76 55242 45
77 12645 9
78 109955 55
79 79200 36
80 51621 21
81 79789 39
82 61170 26
83 37356 13
84 120522 31
85 150746 55
86 16389 12
87 138129 56
88 36784 10
89 36239 18
90 195738 51
91 166200 50
92 162400 43
93 23365 8
94 185257 54
95 88138 29
96 105863 43
97 7462 6
98 37043 14
99 2142 1
100 135667 38
101 138590 41
102 98220 53
103 39139 12
104 19787 11
105 102996 28
106 6527 3
107 2665 2
108 138801 39
109 19873 9
110 39260 18
111 167022 50
112 20654 13
113 7932 6
114 38329 20
115 111021 35
116 53942 43
117 94291 43
118 123244 45
119 14717 5
120 40188 21
121 118688 40
122 13311 5
123 100032 31
124 118427 36
125 180682 46
126 123437 41
127 108727 29
128 105101 37
129 57215 16
130 90660 52
131 113827 35
132 14531 4
133 159335 42
134 4521 3
135 87242 28
136 64298 31
4
1 20
0 27
37 43
13 50
5
23 126
26 71
32 104
48 72
7 46
4
56 110
14 95
36 101
100 116
8
25 98
15 76
58 69
36 97
44 82
56 130
15 93
102 105
