50
72
0 5244 3
1 69567 27
2 128454 40
3 76277 21
4 10568 7
5 41128 26
6 63733 35
7 54411 43
8 115008 43
9 76927 40
10 42509 12
11 71199 28
12 151354 39
13 87197 25
14 49253 32
15 20086 9
16 19927 5
17 24362 8
18 72099 29
19 118884 30
20 88183 38
21 74050 36
22 31563 17
23 38258 31
24 46970 28
25 140584 46
26 20683 11
27 55418 44
28 100495 32
29 128061 35
30 97767 41
31 60656 23
32 125832 41
33 176910 47
34 143720 50
35 86779 42
36 20789 15
37 145707 49
38 12531 6
39 76101 29
40 31224 9
41 99255 35
42 46570 30
43 66887 42
44 56415 31
45 19995 5
46 70197 28
47 42460 30
48 85010 35
49 94066 33
50 11973 3
51 73046 19
52 129865 46
53 148889 43
54 58774 18
55 58502 47
56 62472 37
57 64342 17
58 35822 10
59 52190 19
60 113569 29
61 77663 32
62 3221 1
63 13922 8
64 22021 12
65 8874 4
66 37382 27
67 40434 13
68 80865 46
69 14216 5
70 35689 14
71 109583 35
3
34 38
13 39
25 47
3
10 18
15 55
30 39
2
1 12
58 63
6
45 52
5 7
24 64
15 68
5 19
43 46
