64
127
0 4901 3
1 172966 63
2 37325 11
3 118360 54
4 88132 40
5 110231 31
6 74035 23
7 140271 44
8 33728 9
9 159317 62
10 38849 16
11 52308 25
12 85398 59
13 103923 45
14 129088 53
15 37587 12
16 123160 59
17 123049 36
18 102619 35
19 18425 5
20 49318 21
21 90035 36
22 143133 57
23 105961 48
24 120259 36
25 23753 8
26 5129 4
27 18159 5
28 7538 2
29 110661 50
30 13805 8
31 131227 36
32 98604 41
33 201494 61
34 106797 30
35 54762 14
36 151832 43
37 37620 30
38 34420 16
39 56809 21
40 67324 17
41 92322 61
42 2173 1
43 171073 56
44 50966 41
45 79821 28
46 12057 6
47 122351 39
48 27711 23
49 43051 13
50 172544 45
51 17819 8
52 73946 21
53 18099 6
54 70002 34
55 62556 41
56 89832 44
57 31593 16
58 74736 56
59 67160 28
60 218848 55
61 58363 45
62 21805 12
63 204459 56
64 24686 7
65 81761 21
66 40210 30
67 27564 16
68 98583 54
69 50317 26
70 132324 41
71 13107 5
72 58920 38
73 154372 60
74 147266 51
75 167971 53
76 120759 47
77 41253 21
78 96592 64
79 97364 35
80 33633 11
81 9928 4
82 150431 54
83 3216 2
84 227334 58
85 61290 32
86 120131 40
87 41617 14
88 118575 46
89 68019 31
90 102461 34
91 15017 9
92 54527 16
93 2204 1
94 38851 17
95 2334 1
96 118480 42
97 204810 55
98 185493 54
99 65662 22
100 52971 32
101 73183 48
102 21486 6
103 103586 64
104 148118 58
105 211805 54
106 99130 37
107 242915 61
108 53726 40
109 6574 3
110 164028 59
111 81453 31
112 42585 34
113 108298 36
114 127411 53
115 100739 52
116 29785 17
117 53214 15
118 156269 57
119 51059 22
120 12854 5
121 90189 40
122 146285 60
123 19723 5
124 97556 33
125 78324 64
126 29104 10
5
30 50
22 32
11 13
20 55
9 19
8
50 125
94 110
62 94
15 79
100 108
22 79
3 87
15 82
5
20 25
71 95
47 116
16 117
49 71
11
36 39
14 35
34 66
12 117
2 123
9 115
6 103
17 48
67 115
61 70
50 58
