93
51
0 140751 61
1 184293 52
2 40829 21
3 141999 42
4 291005 91
5 66835 42
6 66216 45
7 87837 61
8 210375 63
9 230111 65
10 305225 91
11 60667 17
12 68351 39
13 60188 23
14 83639 24
15 70240 34
16 90813 51
17 126862 48
18 237524 61
19 105528 37
20 23519 16
21 116387 52
22 98330 33
23 199649 67
24 162346 76
25 76953 49
26 70194 26
27 79744 54
28 290796 83
29 109655 52
30 47799 28
31 132820 51
32 4690 3
33 17127 5
34 126948 40
35 146193 65
36 183042 51
37 97880 46
38 6010 2
39 61194 25
40 28812 14
41 13119 10
42 61287 19
43 45485 27
44 267117 73
45 35461 14
46 96601 31
47 289508 82
48 214776 57
49 242491 79
50 127637 47
7
34 45
46 79
3 52
44 85
0 40
3 70
21 77
2
6 19
17 48
2
13 49
39 46
4
19 45
12 37
15 49
3 47
