50
177
0 2417 1
1 24534 9
2 34746 23
3 73804 48
4 51989 26
5 85895 42
6 71132 47
7 40647 12
8 39363 20
9 144006 50
10 18205 5
11 142700 36
12 19159 14
13 3927 3
14 21292 7
15 103473 29
16 103056 32
17 41412 30
18 149039 44
19 96100 29
20 110398 28
21 51360 14
22 106195 46
23 160663 48
24 141453 44
25 66389 25
26 8977 4
27 56611 37
28 58921 21
29 4618 2
30 50448 28
31 55193 14
32 51598 18
33 110222 28
34 71006 27
35 106632 33
36 86210 32
37 113120 47
38 149119 50
39 8017 6
40 186525 49
41 14466 8
42 13356 4
43 77411 32
44 30844 17
45 20850 9
46 14132 4
47 157099 45
48 86751 37
49 63140 25
50 64718 36
51 135978 36
52 14362 7
53 77140 47
54 112477 33
55 73901 26
56 119625 32
57 37623 10
58 67830 31
59 148418 42
60 8287 3
61 5203 4
62 116624 42
63 150934 49
64 31705 8
65 119852 49
66 14502 5
67 98784 36
68 79721 25
69 40817 22
70 5777 2
71 95490 44
72 34157 11
73 48933 14
74 86272 24
75 59519 25
76 79412 40
77 112133 49
78 110623 30
79 9546 5
80 27698 8
81 39181 14
82 24161 7
83 5278 2
84 63282 48
85 71824 46
86 43466 15
87 9529 5
88 65006 25
89 130615 41
90 43210 14
91 138370 50
92 128924 49
93 65409 34
94 116978 50
95 38441 14
96 114225 46
97 45982 27
98 21992 12
99 9262 7
100 44825 33
101 40928 24
102 119461 44
103 60118 28
104 129697 41
105 43064 26
106 33353 11
107 157885 49
108 59938 31
109 127943 49
110 25930 7
111 81643 50
112 35535 11
113 151430 42
114 63686 46
115 6990 5
116 3101 1
117 92413 35
118 82525 41
119 134414 36
120 92802 27
121 83317 41
122 5594 3
123 89445 30
124 2480 1
125 29648 17
126 84525 30
127 126253 42
128 159144 43
129 92513 44
130 18734 8
131 42205 18
132 120474 32
133 3120 1
134 78480 43
135 24774 10
136 61567 45
137 73208 28
138 116577 48
139 7987 4
140 87873 24
141 32411 10
142 92649 43
143 122764 47
144 93438 31
145 154927 50
146 52866 18
147 140643 38
148 142583 46
149 9237 6
150 140915 44
151 5890 2
152 58376 38
153 75265 25
154 74668 44
155 30245 16
156 14230 10
157 100843 44
158 64328 38
159 41947 16
160 100209 31
161 115726 49
162 72265 46
163 80126 27
164 135012 37
165 24265 14
166 131252 48
167 78919 29
168 16313 11
169 53127 19
170 32032 11
171 52134 16
172 105026 32
173 43747 25
174 109093 41
175 43991 12
176 6207 2
1
5 43
10
35 40
30 164
37 142
27 99
21 85
134 175
29 136
95 103
105 109
38 168
4
50 88
41 116
52 164
120 159
12
17 143
111 140
1 59
89 102
60 103
70 110
95 124
6 46
84 143
75 91
66 95
21 73
