71
231
0 53962 34
1 29244 20
2 141065 48
3 252420 67
4 101214 26
5 107149 28
6 157559 66
7 146597 68
8 37344 21
9 64029 46
10 34295 13
11 175788 54
12 145853 66
13 121713 68
14 42370 15
15 92789 51
16 35253 24
17 210131 53
18 14064 4
19 128422 35
20 80125 41
21 4505 3
22 6356 5
23 78931 30
24 59310 15
25 33060 12
26 100764 33
27 13094 8
28 127298 55
29 76337 34
30 26847 15
31 114926 70
32 152446 48
33 89921 35
34 10453 7
35 139969 53
36 129751 47
37 1764 1
38 163537 63
39 61600 29
40 25899 10
41 123980 45
42 17300 10
43 69368 23
44 108517 30
45 33170 12
46 177333 65
47 30115 8
48 83410 46
49 227316 60
50 92426 26
51 104697 65
52 119950 57
53 167738 45
54 93949 41
55 11747 4
56 37483 14
57 170659 50
58 120256 48
59 44867 17
60 160461 49
61 137527 37
62 57207 25
63 23142 9
64 56413 27
65 36376 25
66 158728 44
67 75325 49
68 52751 14
69 19155 6
70 34757 20
71 115706 46
72 153826 54
73 147394 39
74 87838 38
75 110809 55
76 105760 58
77 108587 60
78 205287 53
79 96773 46
80 21167 16
81 68425 19
82 97859 46
83 48428 27
84 93158 38
85 11474 7
86 212727 57
87 38162 30
88 195577 59
89 18576 9
90 18709 10
91 58337 27
92 103889 46
93 2416 1
94 132107 36
95 5177 2
96 20890 8
97 53317 22
98 37227 11
99 211266 56
100 66055 19
101 195522 59
102 258624 69
103 50962 41
104 63674 48
105 28453 11
106 77416 63
107 107397 32
108 31686 8
109 41623 14
110 42455 13
111 51636 17
112 121846 39
113 61464 50
114 91079 69
115 55372 28
116 57880 23
117 57263 23
118 31447 25
119 89878 65
120 202580 66
121 177422 63
122 127736 35
123 159408 59
124 255140 70
125 26751 13
126 21864 6
127 201343 63
128 97632 35
129 40919 29
130 18007 5
131 100503 42
132 137313 63
133 6871 3
134 166676 43
135 50470 25
136 115532 38
137 266537 69
138 86069 24
139 33594 14
140 116892 50
141 31002 9
142 161597 48
143 74611 20
144 203900 53
145 102976 63
146 96135 34
147 158662 46
148 161027 47
149 162406 46
150 132060 53
151 2053 1
152 166995 59
153 45720 28
154 50862 41
155 168506 49
156 88120 27
157 123655 32
158 148223 54
159 19104 15
160 71452 27
161 19014 10
162 58021 39
163 53358 27
164 112705 31
165 152494 56
166 66091 38
167 122269 31
168 209928 67
169 1738 1
170 243680 63
171 10899 9
172 158569 40
173 138571 57
174 98684 26
175 120796 70
176 92774 44
177 33722 18
178 103278 42
179 91487 38
180 195901 58
181 111323 54
182 125668 59
183 95782 34
184 195786 56
185 20830 8
186 165510 63
187 18995 7
188 172453 64
189 86057 57
190 32964 12
191 127338 38
192 156676 56
193 100030 59
194 142968 45
195 177709 58
196 92632 70
197 203197 51
198 137571 45
199 2651 1
200 11306 3
201 238612 65
202 123789 55
203 19599 8
204 219822 66
205 58502 25
206 51127 15
207 93331 52
208 99276 71
209 82577 34
210 59489 44
211 108757 58
212 233432 66
213 10260 3
214 102799 33
215 122408 35
216 259503 69
217 73299 29
218 41358 21
219 95516 26
220 70357 32
221 87284 35
222 72722 25
223 28118 20
224 110760 50
225 59741 27
226 101590 49
227 154616 63
228 42925 11
229 35767 13
230 37405 28
2
6 44
11 57
11
74 79
96 126
56 70
143 173
95 135
27 155
83 160
94 100
30 136
198 228
37 158
11
121 156
150 218
98 225
89 134
68 204
38 136
34 174
19 207
23 39
11 65
177 229
27
56 165
129 167
91 186
99 143
89 222
27 189
178 189
128 202
149 180
120 186
6 198
51 139
105 205
5 105
108 170
141 150
62 143
20 26
86 220
106 136
78 166
54 126
44 118
161 164
170 229
149 150
73 133
