77
120
0 3406 1
1 4750 2
2 92958 43
3 148360 41
4 30525 12
5 86576 34
6 60473 33
7 82940 22
8 149699 75
9 73553 19
10 129197 38
11 184412 64
12 109578 58
13 20515 7
14 19363 7
15 29003 13
16 7354 4
17 148388 39
18 17701 8
19 237741 67
20 3977 1
21 61808 16
22 14752 8
23 6382 2
24 138165 77
25 40993 18
26 71564 39
27 120459 45
28 38376 13
29 18253 6
30 15764 12
31 90366 43
32 102419 33
33 89256 23
34 94458 24
35 99512 34
36 21670 14
37 164202 60
38 63553 38
39 91216 39
40 23063 11
41 99345 46
42 73747 50
43 37138 22
44 186092 73
45 16518 6
46 23298 8
47 79157 43
48 135683 56
49 53999 27
50 135621 60
51 103788 41
52 8433 7
53 89859 30
54 138083 61
55 138568 44
56 81469 32
57 115207 34
58 96099 39
59 68479 40
60 54425 15
61 70508 55
62 141730 51
63 103231 65
64 28609 9
65 153831 76
66 46792 21
67 57765 48
68 186238 56
69 28581 15
70 81194 59
71 106311 30
72 103593 31
73 72937 21
74 172422 63
75 35912 11
76 121650 36
77 90893 24
78 54211 14
79 117947 73
80 225462 70
81 199467 69
82 57249 19
83 190333 48
84 163724 68
85 232649 73
86 91353 50
87 43493 17
88 136741 61
89 180116 53
90 92366 67
91 8924 5
92 108344 54
93 227170 66
94 106688 53
95 79070 52
96 72993 36
97 66630 19
98 92171 27
99 93971 24
100 40099 29
101 36854 27
102 47223 35
103 98135 71
104 107175 47
105 205395 58
106 47158 27
107 92203 46
108 62181 26
109 32705 22
110 156736 53
111 210503 75
112 156774 40
113 64868 38
114 30912 8
115 256406 74
116 6774 2
117 24641 9
118 176521 48
119 23397 8
5
37 50
21 24
4 57
13 16
36 70
9
63 74
97 117
104 105
44 57
38 116
9 86
28 73
89 97
69 72
4
48 106
48 94
34 42
50 85
12
17 52
50 58
36 87
31 84
39 94
25 102
4 90
21 110
2 45
48 112
19 70
27 83
