32
124
0 66943 28
1 62804 24
2 87693 27
3 61839 20
4 94468 31
5 60396 16
6 44197 12
7 31588 19
8 26863 7
9 22867 12
10 38844 17
11 28552 18
12 32507 21
13 2006 1
14 15449 5
15 59929 21
16 7965 3
17 94426 32
18 15184 8
19 65262 17
20 30785 13
21 36991 21
22 4458 3
23 2000 1
24 10027 7
25 50399 32
26 36879 20
27 74516 23
28 54550 28
29 52130 16
30 28076 11
31 56401 25
32 13484 4
33 108149 28
34 58067 32
35 99932 27
36 8823 5
37 23558 11
38 33269 11
39 79670 27
40 88272 28
41 36345 19
42 84595 26
43 98022 27
44 48182 15
45 7536 6
46 106202 31
47 8919 3
48 77340 22
49 56900 21
50 72748 19
51 7000 5
52 17493 5
53 34883 19
54 70354 18
55 62848 16
56 10304 6
57 17828 13
58 52620 20
59 25934 17
60 3909 3
61 32637 9
62 23518 15
63 50779 28
64 32615 23
65 31807 14
66 111451 31
67 14509 6
68 56706 30
69 115076 30
70 61565 24
71 14508 9
72 55855 20
73 11400 4
74 45098 14
75 113018 30
76 35408 9
77 35122 25
78 3262 1
79 54251 16
80 32857 24
81 13723 9
82 15624 7
83 25926 11
84 55885 24
85 12703 5
86 25027 13
87 48846 15
88 71605 27
89 37924 23
90 41061 18
91 80253 26
92 35154 16
93 42673 13
94 24068 9
95 72071 19
96 27848 14
97 8810 3
98 85263 22
99 8355 3
100 47531 13
101 31975 9
102 6314 3
103 41014 14
104 91537 30
105 52666 15
106 35875 9
107 46012 12
108 35408 10
109 7301 2
110 10192 3
111 12832 9
112 40656 13
113 48094 14
114 2851 1
115 18139 8
116 42634 30
117 56896 21
118 12744 4
119 33819 9
120 33503 9
121 57504 23
122 68384 21
123 6171 4
2
0 12
5 26
6
34 98
14 26
30 43
42 102
61 71
50 70
6
24 29
50 105
9 62
62 106
2 56
0 25
9
25 29
39 77
21 66
11 62
76 96
3 22
7 118
9 103
12 63
