28
81
0 31983 24
1 11914 4
2 67543 20
3 18478 5
4 6509 5
5 11841 4
6 10641 8
7 43025 21
8 23392 9
9 10433 4
10 24246 10
11 76630 20
12 37621 21
13 36612 24
14 30088 11
15 22514 18
16 23435 6
17 35277 27
18 81755 21
19 21665 9
20 11636 5
21 14850 4
22 48971 18
23 40068 26
24 29494 9
25 13331 4
26 5701 3
27 21471 16
28 35040 17
29 20744 12
30 67959 18
31 14206 7
32 71074 23
33 22675 8
34 22784 7
35 24752 12
36 34417 9
37 27559 12
38 23661 7
39 73521 27
40 10535 5
41 65145 18
42 30059 25
43 8975 3
44 35146 10
45 73571 26
46 3092 2
47 24925 20
48 38324 10
49 7527 4
50 45642 23
51 25200 7
52 44298 18
53 92463 28
54 10393 3
55 55258 17
56 86031 27
57 6116 4
58 53140 19
59 18906 11
60 19898 10
61 53836 21
62 72192 22
63 13027 10
64 1233 1
65 80621 21
66 13296 9
67 74640 28
68 31151 11
69 44037 21
70 4438 2
71 101312 28
72 10252 5
73 27675 20
74 82136 26
75 35207 14
76 37574 19
77 21048 9
78 101034 26
79 48613 16
80 35653 23
2
11 13
5 16
6
6 29
49 61
3 30
10 39
12 23
16 56
3
1 46
52 67
15 67
8
31 63
34 36
51 55
7 60
21 67
25 45
19 31
28 38
