75
53
0 146145 54
1 134560 43
2 38056 25
3 70910 44
4 135317 41
5 106907 36
6 234037 62
7 86933 43
8 27029 10
9 32256 21
10 147080 66
11 273787 72
12 179785 52
13 106493 54
14 97935 54
15 56307 15
16 30191 15
17 151524 62
18 43503 13
19 76992 34
20 59633 15
21 121925 46
22 102390 69
23 2735 2
24 3534 2
25 45945 16
26 186178 50
27 9932 4
28 27175 18
29 120212 51
30 15256 7
31 70837 53
32 21487 7
33 57117 17
34 100106 39
35 205621 52
36 24204 8
37 122117 70
38 119722 72
39 54466 27
40 45175 12
41 79510 37
42 67339 33
43 64757 52
44 25553 7
45 11136 9
46 64651 37
47 72719 19
48 113280 65
49 39772 15
50 2524 1
51 44444 19
52 286886 75
6
8 11
26 47
32 57
42 62
60 68
10 67
4
5 20
24 28
25 49
30 34
2
27 35
4 33
3
9 14
25 41
20 32
