69
228
0 141911 52
1 168260 62
2 99750 28
3 40070 18
4 71132 18
5 32017 13
6 267656 69
7 43125 19
8 20432 13
9 113484 43
10 38786 13
11 150089 56
12 104820 27
13 190449 62
14 148686 67
15 27579 8
16 3164 2
17 62699 52
18 164129 64
19 81025 32
20 17060 9
21 66075 29
22 75437 19
23 93511 58
24 23687 11
25 207463 66
26 36555 14
27 138210 38
28 55077 16
29 158353 43
30 104126 27
31 102725 37
32 39624 12
33 124651 41
34 75254 31
35 53623 24
36 33121 24
37 103259 34
38 13743 9
39 30200 17
40 19802 5
41 42631 11
42 198713 51
43 111592 36
44 65406 31
45 136944 54
46 198746 58
47 65996 46
48 130718 42
49 49879 15
50 162366 43
51 61855 25
52 8040 3
53 32448 15
54 102290 48
55 107453 43
56 12896 8
57 68522 19
58 40728 29
59 240655 69
60 12874 10
61 60815 16
62 45688 25
63 85194 51
64 88020 48
65 15920 5
66 6788 3
67 45039 24
68 129601 62
69 31860 8
70 10573 3
71 32634 13
72 18036 9
73 33198 10
74 92713 39
75 114469 56
76 26103 8
77 82322 60
78 41242 13
79 65296 26
80 173741 46
81 222561 61
82 72124 22
83 40008 27
84 80605 21
85 47633 21
86 147316 68
87 58311 16
88 114227 57
89 6263 2
90 196926 53
91 133057 40
92 106140 46
93 59708 33
94 6151 2
95 24207 11
96 16403 6
97 37337 18
98 166733 62
99 132664 37
100 132568 46
101 67298 17
102 98858 40
103 85961 54
104 3635 1
105 73830 25
106 40890 21
107 93537 29
108 167434 49
109 12590 5
110 77063 54
111 55586 22
112 19294 9
113 54452 21
114 209333 68
115 1359 1
116 162244 64
117 157803 40
118 85069 60
119 114083 54
120 40641 11
121 21365 17
122 171841 52
123 49644 41
124 35473 28
125 3967 1
126 242048 68
127 28081 13
128 59069 16
129 70838 26
130 133448 36
131 41930 24
132 177191 61
133 13915 11
134 102572 36
135 34809 15
136 64432 18
137 250998 67
138 69087 45
139 42245 20
140 4293 3
141 13941 6
142 113984 34
143 97289 41
144 23403 6
145 184948 59
146 104337 48
147 81627 27
148 46766 38
149 31497 18
150 85700 35
151 156297 44
152 82164 48
153 154959 44
154 6675 5
155 63477 35
156 62237 20
157 92904 38
158 95184 51
159 60659 38
160 137237 62
161 18488 7
162 83766 23
163 98976 67
164 99644 39
165 90820 43
166 93282 54
167 47134 13
168 161563 61
169 69095 44
170 104810 62
171 188613 64
172 10946 5
173 147905 43
174 34915 20
175 81586 49
176 13574 9
177 60174 26
178 22209 8
179 3203 2
180 197253 51
181 104391 38
182 228925 63
183 89048 28
184 25269 11
185 68998 29
186 54660 22
187 76991 25
188 22184 15
189 13414 4
190 122471 58
191 51777 16
192 128434 51
193 37918 27
194 52782 28
195 29774 14
196 169898 59
197 96071 47
198 55875 14
199 114502 63
200 173349 52
201 210267 67
202 159652 42
203 207517 64
204 102347 26
205 36072 29
206 145283 44
207 156432 41
208 55048 42
209 120493 68
210 118582 33
211 79203 20
212 135970 49
213 90595 61
214 30125 11
215 9374 6
216 51904 29
217 17045 6
218 6074 2
219 164571 43
220 77671 21
221 66997 20
222 168139 59
223 178199 65
224 213308 68
225 15402 5
226 19404 12
227 120029 55
4
37 68
53 61
29 49
0 2
13
46 189
77 129
65 145
16 85
126 220
67 211
77 197
98 104
98 207
15 41
32 164
61 73
186 212
5
14 85
9 123
36 106
125 227
154 221
27
20 183
172 178
38 207
90 105
9 156
98 119
12 117
25 120
38 199
5 8
153 158
33 161
26 82
140 179
88 166
49 98
198 200
125 199
28 225
15 156
119 179
157 161
86 166
31 174
159 182
75 201
32 217
