71
71
0 86363 27
1 44973 15
2 76753 27
3 21155 12
4 39512 18
5 123349 31
6 40515 22
7 174095 50
8 57845 26
9 6678 2
10 98074 36
11 100395 28
12 40586 14
13 84529 43
14 140402 66
15 228641 64
16 107805 28
17 26952 7
18 34194 14
19 93794 56
20 7637 5
21 93736 42
22 58731 15
23 57223 37
24 76916 31
25 13969 9
26 187076 51
27 45277 20
28 51898 29
29 55277 31
30 8975 6
31 196943 60
32 229843 71
33 92815 31
34 66904 32
35 37386 13
36 74529 23
37 58971 38
38 187753 58
39 93589 26
40 103582 34
41 89336 25
42 64698 21
43 108309 28
44 154351 52
45 135920 56
46 103818 50
47 67913 17
48 212498 70
49 33362 15
50 143420 45
51 44170 36
52 106466 40
53 85435 28
54 72725 29
55 52400 41
56 65562 47
57 72630 55
58 90948 71
59 10149 7
60 142443 53
61 156530 58
62 13906 4
63 86630 49
64 136482 54
65 18309 6
66 9247 6
67 139673 45
68 59864 16
69 7562 2
70 246854 68
2
12 69
4 27
3
35 52
12 13
15 23
2
19 70
29 30
6
33 61
26 51
6 66
62 67
9 29
16 50
