89
284
0 152235 44
1 114205 45
2 58879 20
3 49906 36
4 25599 9
5 93524 24
6 333319 84
7 130254 39
8 119109 66
9 64028 21
10 34151 10
11 102865 31
12 291733 88
13 55360 21
14 7982 5
15 172765 67
16 107638 43
17 83697 45
18 44935 15
19 233882 63
20 224570 75
21 45050 12
22 50768 39
23 123380 44
24 105457 62
25 316642 85
26 313261 86
27 274910 72
28 60262 39
29 301636 79
30 68501 48
31 290133 75
32 69514 24
33 331227 85
34 73377 24
35 133131 62
36 147335 49
37 318017 81
38 86357 69
39 146393 48
40 204606 73
41 92327 27
42 213182 54
43 171724 74
44 179554 56
45 124346 62
46 56671 21
47 14690 7
48 23435 6
49 1853 1
50 27509 14
51 135931 67
52 299775 88
53 25956 15
54 115548 55
55 87231 68
56 49959 21
57 33004 21
58 152723 54
59 138273 66
60 224220 87
61 13244 8
62 31050 15
63 109192 68
64 53625 14
65 33475 11
66 13509 11
67 62148 24
68 223003 59
69 119916 68
70 134198 40
71 120365 38
72 247974 73
73 77018 29
74 143117 36
75 62178 17
76 120360 64
77 171955 43
78 155557 86
79 53818 31
80 199212 80
81 172594 61
82 28905 8
83 31314 24
84 57297 37
85 22437 7
86 8452 5
87 73653 28
88 33813 10
89 32581 25
90 206743 74
91 173393 49
92 227263 86
93 68366 27
94 283095 89
95 35396 10
96 119644 46
97 152857 55
98 99401 79
99 110425 85
100 56843 15
101 215750 77
102 119646 57
103 334859 89
104 201643 58
105 2232 1
106 43828 32
107 77453 30
108 150504 65
109 12405 5
110 110901 47
111 63146 32
112 51511 41
113 282415 80
114 20028 14
115 28756 12
116 133565 46
117 51876 14
118 132835 51
119 149519 81
120 86257 24
121 189796 58
122 111862 29
123 47280 12
124 132824 71
125 139392 89
126 162081 44
127 138286 75
128 35090 10
129 134342 34
130 146803 56
131 49856 27
132 32744 14
133 153606 82
134 81131 40
135 11905 7
136 58459 19
137 145772 64
138 27085 18
139 31165 15
140 228402 80
141 67514 32
142 50067 17
143 96342 26
144 225927 80
145 40556 14
146 208752 55
147 27689 23
148 97108 53
149 277131 76
150 66054 17
151 156599 50
152 224347 68
153 57963 26
154 84865 46
155 226988 80
156 111473 82
157 185235 53
158 17725 6
159 72527 26
160 27066 21
161 158700 42
162 94774 63
163 246318 72
164 142966 52
165 229630 74
166 42362 23
167 107588 86
168 103437 61
169 90884 27
170 122917 38
171 84855 39
172 3710 1
173 89410 45
174 127128 86
175 7265 2
176 12472 4
177 13294 7
178 14992 11
179 80367 33
180 14048 10
181 20538 11
182 251035 76
183 18892 5
184 179222 81
185 130822 43
186 215100 78
187 13515 4
188 263758 87
189 181547 63
190 125790 38
191 8709 4
192 101127 46
193 72769 42
194 114671 54
195 75019 51
196 9191 4
197 236181 78
198 72777 28
199 63067 20
200 5692 2
201 72087 33
202 4253 3
203 141393 79
204 225633 58
205 78634 20
206 115158 29
207 90526 43
208 203382 84
209 98445 65
210 204126 66
211 69928 29
212 45198 34
213 134463 47
214 154502 73
215 76246 30
216 120359 43
217 81505 38
218 185995 49
219 23045 15
220 116476 54
221 146862 84
222 321412 88
223 321118 87
224 68338 27
225 173596 48
226 215195 83
227 299869 80
228 118756 53
229 200543 70
230 65202 44
231 96206 28
232 125028 40
233 18253 14
234 7168 5
235 286860 87
236 108608 30
237 150076 55
238 102899 65
239 46032 12
240 140045 38
241 199175 64
242 19742 8
243 255865 70
244 209221 71
245 181858 48
246 63953 17
247 143377 70
248 111365 82
249 218142 58
250 69966 31
251 150632 76
252 113472 87
253 58782 37
254 148317 50
255 155383 54
256 61565 19
257 179788 50
258 47581 17
259 40341 21
260 12122 5
261 191001 60
262 39582 15
263 119119 34
264 66691 17
265 51536 39
266 99865 26
267 79858 38
268 47828 31
269 100505 59
270 210478 69
271 164572 42
272 68886 24
273 105300 65
274 2033 1
275 82381 29
276 129756 69
277 144815 48
278 76629 30
279 97371 25
280 31687 8
281 126071 49
282 96374 38
283 53042 35
2
7 80
0 74
21
67 116
0 276
65 147
82 88
19 249
159 254
122 283
61 183
107 112
78 79
143 264
156 244
151 228
98 175
69 105
236 244
83 262
113 220
141 199
111 178
157 236
11
67 221
192 229
108 209
26 130
25 267
24 246
89 211
7 14
90 129
16 35
139 170
15
11 153
52 200
194 208
105 169
84 127
196 227
160 231
75 273
49 144
59 231
69 155
127 273
174 256
171 210
34 185
