78
72
0 195879 56
1 131995 54
2 306519 78
3 34841 25
4 268002 71
5 100677 50
6 226975 64
7 24760 18
8 98635 40
9 215779 75
10 227140 59
11 151855 54
12 143443 69
13 20593 9
14 214286 69
15 81765 31
16 78248 39
17 193060 66
18 80272 35
19 143280 49
20 159410 41
21 44912 27
22 86027 39
23 43313 25
24 91956 32
25 125751 69
26 77096 41
27 186650 54
28 74389 32
29 175964 67
30 78547 51
31 214908 75
32 93760 57
33 68261 22
34 53546 16
35 76727 35
36 5596 2
37 113334 51
38 14693 4
39 76758 21
40 23229 8
41 153328 55
42 165566 55
43 15948 6
44 223294 61
45 94917 76
46 16722 12
47 64396 20
48 148420 72
49 85356 22
50 107334 43
51 54737 18
52 144016 38
53 140288 63
54 20827 10
55 63448 19
56 62300 25
57 22468 18
58 12038 4
59 82729 36
60 86929 68
61 181158 49
62 28921 22
63 69250 22
64 6673 2
65 155279 52
66 34939 12
67 15907 4
68 205464 60
69 69935 30
70 74294 49
71 185225 56
2
21 62
14 27
3
66 69
12 67
27 71
2
41 51
29 35
5
7 40
11 35
13 23
2 58
45 61
