63
130
0 1964 1
1 232349 61
2 56957 27
3 8224 4
4 53613 41
5 48310 16
6 18401 12
7 223498 59
8 87303 34
9 34551 24
10 118245 35
11 35207 9
12 203583 59
13 140758 59
14 3163 1
15 143029 49
16 62165 16
17 76632 23
18 6507 2
19 115279 44
20 2663 1
21 132600 49
22 27317 14
23 7301 2
24 34367 12
25 30893 17
26 124218 63
27 93143 27
28 20292 6
29 67121 37
30 55960 22
31 143894 36
32 38781 15
33 99498 25
34 23163 16
35 67413 25
36 172149 62
37 119735 30
38 30680 8
39 80433 34
40 207950 52
41 243064 61
42 143349 55
43 109574 30
44 61753 22
45 93648 44
46 135840 56
47 41560 23
48 77646 21
49 6415 2
50 186099 53
51 100001 45
52 66838 33
53 23848 11
54 107249 35
55 115541 33
56 186975 47
57 75736 22
58 116954 56
59 2793 2
60 48464 15
61 166204 54
62 102916 42
63 98125 57
64 14417 7
65 43013 22
66 13829 7
67 15672 5
68 2748 1
69 105766 28
70 23448 13
71 9610 3
72 42889 35
73 6229 5
74 126148 60
75 29852 8
76 23276 7
77 59682 27
78 45655 14
79 83973 35
80 13968 4
81 32492 12
82 4163 3
83 62241 48
84 111440 30
85 151869 52
86 106700 32
87 138310 52
88 82441 58
89 127264 47
90 82247 29
91 149895 45
92 129727 61
93 100017 30
94 4972 3
95 200849 58
96 76853 44
97 60090 50
98 9738 6
99 119334 38
100 67575 33
101 123523 42
102 35612 12
103 7285 2
104 16200 7
105 83469 51
106 52594 22
107 27986 9
108 56108 23
109 72132 29
110 30398 24
111 2676 2
112 4796 3
113 126511 45
114 25993 16
115 39353 11
116 37685 11
117 28647 9
118 117503 46
119 169238 56
120 48959 25
121 36351 14
122 83518 51
123 82080 50
124 55680 33
125 78031 45
126 100361 62
127 98508 36
128 79849 36
129 31332 23
5
32 33
14 29
33 34
40 51
33 56
5
87 113
39 56
105 127
40 118
52 82
3
18 40
21 114
85 93
12
61 99
63 89
14 111
1 97
23 41
104 108
45 115
40 54
24 39
71 111
27 31
122 126
