95
136
0 3742 1
1 290508 90
2 95989 31
3 111070 72
4 103392 31
5 263885 78
6 91281 57
7 142231 68
8 8176 3
9 147633 39
10 91119 70
11 130628 76
12 15952 5
13 136711 49
14 185957 78
15 12272 10
16 34403 20
17 230321 91
18 150404 92
19 207675 72
20 129715 48
21 122193 50
22 125787 70
23 173428 90
24 215231 83
25 123065 52
26 245355 71
27 336812 85
28 13905 11
29 293195 93
30 143723 67
31 245808 76
32 182918 68
33 30874 16
34 70627 19
35 15965 7
36 45183 27
37 53665 36
38 233910 64
39 109821 81
40 26547 10
41 103621 37
42 231808 73
43 24535 19
44 12061 5
45 2790 1
46 60024 23
47 178890 71
48 67471 35
49 149918 48
50 46404 19
51 185375 60
52 76545 46
53 132625 52
54 131393 55
55 363147 94
56 220379 66
57 75882 49
58 37782 13
59 18540 9
60 7035 2
61 79629 29
62 178842 67
63 205206 74
64 218745 56
65 183472 74
66 218874 78
67 159481 78
68 87343 51
69 18524 8
70 123088 64
71 167261 77
72 272510 85
73 52204 27
74 250299 73
75 105756 49
76 85326 23
77 50770 16
78 162576 81
79 90590 47
80 78316 42
81 214823 78
82 3666 1
83 42543 14
84 35990 16
85 26253 8
86 6432 4
87 40018 22
88 32573 17
89 9674 5
90 26862 7
91 259716 92
92 42421 12
93 328964 83
94 57465 29
95 114266 61
96 79837 21
97 113551 92
98 99045 38
99 174648 56
100 25430 20
101 224349 68
102 105882 88
103 23390 7
104 56042 34
105 52836 14
106 45180 12
107 30920 17
108 87729 55
109 205561 59
110 346071 89
111 256031 77
112 47624 22
113 80091 60
114 64659 19
115 50795 30
116 290838 76
117 272381 92
118 179059 85
119 53518 24
120 48474 36
121 44781 23
122 129879 70
123 105084 34
124 60312 26
125 38746 24
126 88664 24
127 157764 43
128 111256 71
129 115053 30
130 158407 76
131 68272 56
132 92301 66
133 160605 77
134 169612 67
135 64643 20
3
84 86
31 76
35 39
8
39 48
2 30
6 99
58 79
25 27
92 132
10 129
66 85
5
5 81
46 133
17 121
31 40
68 82
15
51 86
124 130
3 114
24 71
51 124
26 131
74 106
26 45
30 91
28 128
39 47
87 127
43 123
74 105
5 61
