75
265
0 61767 32
1 115168 45
2 139828 44
3 51580 22
4 54679 21
5 14711 11
6 237660 60
7 119528 32
8 67616 21
9 123492 70
10 137279 66
11 147818 74
12 128411 44
13 108021 57
14 66633 52
15 137325 55
16 51079 33
17 1780 1
18 2892 1
19 160136 47
20 96014 34
21 110247 51
22 165604 50
23 135929 75
24 166075 56
25 189179 52
26 110427 31
27 125852 69
28 82624 63
29 40567 20
30 68571 40
31 58372 27
32 98930 26
33 53115 19
34 44255 31
35 131997 37
36 133896 45
37 36359 15
38 45528 24
39 42101 13
40 230738 58
41 11736 7
42 86493 24
43 196775 62
44 143402 51
45 42534 22
46 26095 8
47 28777 18
48 100814 47
49 10991 6
50 78582 29
51 85503 51
52 21500 8
53 52678 32
54 160687 57
55 225692 68
56 3821 1
57 66902 18
58 59141 23
59 45755 22
60 1879 1
61 28420 20
62 134952 35
63 125845 49
64 151212 64
65 178031 66
66 123977 61
67 75847 46
68 23881 18
69 33055 26
70 145246 64
71 131285 58
72 77298 22
73 80482 56
74 20054 11
75 47234 26
76 201724 67
77 180941 47
78 176673 70
79 56336 38
80 96512 29
81 117403 40
82 200969 73
83 145267 47
84 125180 53
85 20626 10
86 6523 5
87 23014 7
88 81837 31
89 111356 56
90 178952 46
91 36599 22
92 281917 72
93 150096 38
94 79485 50
95 84632 39
96 63463 43
97 10217 7
98 135540 55
99 109245 66
100 66764 41
101 62204 47
102 10276 4
103 49985 29
104 83037 46
105 103149 48
106 98210 26
107 31643 13
108 59996 41
109 198583 51
110 24353 20
111 85674 37
112 12956 10
113 16828 9
114 180809 74
115 172433 60
116 3862 2
117 281274 75
118 97057 32
119 82606 48
120 173662 59
121 190967 56
122 220606 70
123 109827 29
124 43752 23
125 136665 51
126 21053 9
127 281702 74
128 2475 1
129 75300 47
130 159829 65
131 127568 72
132 1449 1
133 12183 10
134 68835 34
135 109473 58
136 51494 22
137 6873 2
138 140383 59
139 51850 15
140 71301 48
141 54620 15
142 4486 2
143 118920 50
144 40133 19
145 42303 16
146 5932 3
147 44777 36
148 90371 26
149 162400 48
150 203609 71
151 169716 58
152 87126 45
153 132301 69
154 175476 57
155 168833 65
156 82276 36
157 121617 48
158 182304 71
159 43787 20
160 158733 51
161 127493 51
162 26399 18
163 166123 43
164 212212 70
165 114964 37
166 123853 52
167 166598 52
168 9546 7
169 90393 31
170 87494 38
171 141998 38
172 74158 38
173 154121 54
174 126920 33
175 170271 51
176 92680 38
177 253520 67
178 178384 52
179 87167 40
180 64201 26
181 227354 64
182 44950 12
183 33659 18
184 62341 18
185 153475 68
186 109439 56
187 111574 46
188 148626 52
189 71614 43
190 13135 4
191 19234 5
192 157386 40
193 134898 35
194 148079 40
195 73620 34
196 81271 64
197 35845 26
198 99651 75
199 126857 38
200 89911 25
201 83531 26
202 33219 14
203 194799 52
204 68720 37
205 148270 49
206 119475 30
207 203708 71
208 277920 72
209 38365 12
210 107750 43
211 144342 75
212 55879 26
213 87649 44
214 175908 67
215 44105 26
216 188995 52
217 111518 28
218 262145 68
219 172648 55
220 140613 72
221 58716 45
222 24526 9
223 84830 49
224 142721 58
225 50456 21
226 40313 25
227 56911 18
228 201952 62
229 130030 59
230 64652 52
231 25440 12
232 55296 17
233 10460 5
234 61819 20
235 233422 74
236 96413 27
237 37117 13
238 81186 37
239 158525 55
240 160850 64
241 79044 30
242 174407 59
243 131195 53
244 102702 47
245 27986 14
246 187531 63
247 16153 10
248 15629 8
249 111527 49
250 53558 17
251 5936 2
252 19907 5
253 79325 35
254 71264 25
255 90229 30
256 179974 66
257 36854 10
258 188888 64
259 15938 10
260 253778 70
261 249547 65
262 217991 55
263 101264 54
264 27787 18
2
29 52
39 49
17
151 258
67 227
69 215
73 175
54 242
24 221
63 134
154 236
112 154
90 235
160 226
69 75
33 179
50 61
12 140
3 19
70 174
6
26 181
3 10
54 254
250 254
77 201
70 264
31
248 254
111 153
140 228
119 264
12 39
89 247
195 252
263 264
50 179
165 174
73 220
49 172
39 166
20 146
227 251
53 105
141 160
80 85
9 144
103 223
8 76
14 175
113 194
184 232
69 220
109 227
63 88
25 141
205 235
227 262
2 73
