31
101
0 26181 10
1 36447 12
2 6061 2
3 30015 15
4 21377 11
5 63238 24
6 75372 27
7 52421 22
8 48383 21
9 69141 30
10 70329 30
11 53652 16
12 99969 31
13 69170 20
14 74339 25
15 23715 14
16 35739 28
17 2476 1
18 62481 27
19 26818 7
20 19825 5
21 10326 6
22 53004 16
23 26677 11
24 48067 20
25 38835 12
26 49286 16
27 35774 10
28 16653 12
29 18453 14
30 6498 2
31 20326 11
32 64628 18
33 104231 31
34 35012 22
35 91257 31
36 25615 13
37 35545 13
38 8251 5
39 13303 7
40 79066 20
41 21477 7
42 79339 20
43 30699 24
44 46434 27
45 26329 9
46 35664 14
47 14837 8
48 16598 5
49 74560 22
50 37991 27
51 38927 12
52 36178 10
53 12933 9
54 2485 1
55 5361 4
56 30203 22
57 12564 7
58 22783 8
59 8023 3
60 117188 30
61 31178 18
62 88210 29
63 34954 25
64 97503 26
65 13945 7
66 19301 16
67 11607 5
68 35678 11
69 38434 14
70 71617 22
71 78309 21
72 39269 15
73 72119 21
74 35785 11
75 99154 27
76 3452 1
77 56993 19
78 16147 7
79 26856 13
80 12481 5
81 2787 2
82 83185 25
83 25958 9
84 31902 8
85 5760 2
86 45871 14
87 5571 2
88 21743 7
89 18120 14
90 33654 16
91 16570 5
92 45157 29
93 43086 28
94 37892 24
95 18989 12
96 34358 24
97 6620 3
98 16735 10
99 34959 16
100 15841 7
1
10 19
6
46 87
9 91
32 98
72 80
63 64
14 15
3
15 50
31 39
23 66
9
35 60
26 54
63 91
72 85
48 56
0 18
46 71
35 78
12 98
