50
129
0 16135 13
1 29864 15
2 2761 1
3 14943 11
4 89664 36
5 42735 28
6 84432 24
7 53399 43
8 85753 27
9 48811 23
10 73575 22
11 82463 28
12 55873 23
13 98634 45
14 31631 8
15 112914 33
16 58117 35
17 142982 40
18 97155 35
19 59959 41
20 27270 16
21 29006 20
22 38474 17
23 45363 13
24 63581 38
25 22268 18
26 106864 37
27 65513 20
28 138258 36
29 84735 50
30 18287 7
31 13513 6
32 36298 17
33 141141 47
34 128771 38
35 66049 19
36 113438 50
37 135292 37
38 25793 7
39 167822 42
40 101098 35
41 84572 31
42 24383 9
43 21121 7
44 45975 27
45 8764 4
46 77364 29
47 79601 35
48 94526 26
49 2532 2
50 64896 47
51 43476 16
52 42316 22
53 72952 44
54 97938 30
55 58393 48
56 132320 50
57 5210 4
58 60138 20
59 13368 9
60 107173 28
61 75436 27
62 57715 26
63 36567 16
64 16378 6
65 54664 28
66 66429 41
67 25297 12
68 64706 17
69 69005 18
70 75349 21
71 71357 26
72 21374 12
73 57093 22
74 24213 13
75 97554 30
76 74559 35
77 87970 42
78 16816 5
79 10004 4
80 95738 45
81 78302 40
82 3903 2
83 177009 45
84 121215 31
85 83649 21
86 124107 44
87 67026 29
88 33358 23
89 29793 19
90 86367 40
91 13413 7
92 120324 34
93 58591 47
94 59326 32
95 97374 32
96 30247 16
97 127253 41
98 119245 47
99 70914 40
100 33966 26
101 143639 37
102 68104 42
103 143365 43
104 123608 49
105 86384 30
106 93628 24
107 14375 5
108 110058 37
109 33129 22
110 47314 14
111 10193 8
112 176851 48
113 1803 1
114 65247 32
115 8172 5
116 110568 28
117 41977 33
118 41046 12
119 86903 23
120 73829 24
121 72604 48
122 124034 49
123 128542 48
124 39843 10
125 34415 20
126 42161 19
127 102134 29
128 2608 2
2
21 26
37 42
10
15 49
56 86
69 82
18 23
37 83
42 88
4 34
68 85
34 82
20 80
4
26 79
10 22
7 124
25 92
14
71 102
40 93
26 38
68 75
4 92
84 125
44 86
57 117
48 94
6 18
16 29
59 97
23 126
103 125
