73
45
0 40648 32
1 204614 60
2 105099 35
3 163701 72
4 53452 41
5 13497 6
6 132605 35
7 83070 35
8 133950 44
9 17418 9
10 2544 1
11 37926 26
12 55752 46
13 151727 56
14 129367 63
15 19288 11
16 33465 10
17 273461 72
18 128929 35
19 57274 18
20 87207 27
21 30678 21
22 146621 64
23 106364 61
24 174552 56
25 7486 5
26 81976 60
27 56051 31
28 205275 66
29 131233 57
30 198282 52
31 96376 25
32 118977 51
33 114129 40
34 72499 43
35 5517 2
36 41523 22
37 112068 35
38 22711 11
39 107542 72
40 45734 35
41 193524 62
42 113595 33
43 172386 50
44 31525 23
4
29 54
26 37
5 6
43 46
3
8 38
10 16
12 17
1
16 29
5
21 43
11 17
23 34
3 38
4 7
