53
77
0 27376 22
1 135977 49
2 19597 7
3 65949 45
4 24615 10
5 70374 30
6 155002 53
7 62542 18
8 150906 44
9 118066 50
10 79194 46
11 102751 36
12 69955 30
13 49518 31
14 12851 6
15 50044 36
16 125792 50
17 72373 24
18 36274 24
19 74723 25
20 33060 12
21 43008 31
22 108098 35
23 44920 20
24 71265 18
25 130156 40
26 30122 21
27 155099 53
28 6076 2
29 70779 40
30 86513 23
31 86611 40
32 88659 45
33 38639 32
34 55478 29
35 41979 16
36 25439 15
37 56647 42
38 88350 25
39 160515 51
40 163744 42
41 51610 39
42 26869 21
43 54462 44
44 68773 30
45 28339 14
46 49460 30
47 154654 45
48 162521 48
49 50507 36
50 27261 17
51 12713 9
52 2255 1
53 102355 28
54 153118 43
55 138283 53
56 80287 52
57 57963 22
58 89964 38
59 42314 17
60 21098 15
61 120011 48
62 103392 29
63 57538 46
64 159982 44
65 71771 25
66 6925 3
67 152066 46
68 27996 8
69 21173 16
70 204848 53
71 35010 21
72 125572 52
73 108945 37
74 106735 35
75 57152 28
76 69200 29
3
2 11
23 43
18 47
6
35 43
29 50
0 7
12 17
42 76
21 72
3
2 5
20 68
19 74
6
10 17
19 70
23 52
2 49
36 47
44 72
