61
111
0 76636 20
1 3717 1
2 78600 32
3 36152 21
4 27573 22
5 18298 12
6 2669 2
7 50400 27
8 12121 4
9 6118 2
10 6981 4
11 63258 27
12 27843 9
13 157166 49
14 75258 28
15 100601 30
16 118934 61
17 25110 18
18 205985 58
19 49593 34
20 41444 13
21 30439 12
22 125038 61
23 93149 48
24 48497 22
25 86903 27
26 105490 46
27 24310 9
28 179216 45
29 3490 2
30 34149 9
31 96200 47
32 17667 8
33 123246 42
34 88424 49
35 163805 45
36 127266 51
37 79754 42
38 71092 50
39 25763 10
40 21179 6
41 128764 36
42 19658 7
43 157335 47
44 73934 23
45 67918 18
46 26245 8
47 149562 40
48 62054 24
49 75616 34
50 187744 47
51 97326 47
52 10907 3
53 95116 30
54 45853 38
55 55500 23
56 76828 26
57 82768 45
58 56273 45
59 7275 3
60 55285 31
61 158659 47
62 61029 20
63 23027 16
64 61197 33
65 95309 35
66 21411 13
67 116435 42
68 154887 60
69 89558 28
70 56935 23
71 154919 61
72 153128 58
73 59013 39
74 94528 60
75 106934 32
76 98988 60
77 80040 23
78 14477 5
79 84850 41
80 72918 40
81 182825 48
82 55970 26
83 18798 6
84 22211 12
85 11832 3
86 79365 47
87 35273 24
88 36275 20
89 3003 1
90 76194 49
91 9541 7
92 18872 14
93 166519 48
94 6436 3
95 92665 39
96 3183 2
97 107692 41
98 77818 55
99 151467 43
100 31479 11
101 6276 2
102 71529 24
103 87776 34
104 44544 37
105 146988 53
106 78265 30
107 33541 21
108 76078 51
109 118981 56
110 9673 6
2
41 60
18 47
8
9 91
31 55
43 90
27 108
32 75
25 58
21 55
65 86
4
24 81
8 89
6 21
19 85
10
38 90
30 88
9 96
18 32
61 66
74 79
42 104
69 82
34 47
57 73
