38
55
0 82940 23
1 45362 17
2 46437 22
3 68088 34
4 76326 23
5 95079 35
6 33655 16
7 44858 30
8 118821 35
9 13218 9
10 109580 37
11 53239 16
12 3505 1
13 34148 9
14 67648 17
15 3388 1
16 28686 23
17 10542 6
18 3610 2
19 80098 32
20 54635 25
21 93530 38
22 68752 28
23 11539 3
24 48354 22
25 99357 30
26 27313 21
27 73343 20
28 91103 26
29 41828 21
30 42576 21
31 126966 36
32 14250 7
33 83401 25
34 101750 28
35 58870 15
36 40141 14
37 73832 35
38 42981 13
39 4027 2
40 55405 19
41 50634 14
42 65788 33
43 48359 22
44 33237 27
45 3827 1
46 85887 31
47 60391 38
48 83826 27
49 85624 22
50 38985 31
51 25698 12
52 23142 9
53 134112 36
54 10868 4
1
18 20
3
7 51
6 36
6 17
2
0 33
27 39
6
7 25
39 44
5 19
23 42
7 51
23 52
