27
53
0 2908 1
1 21660 6
2 10888 4
3 13715 5
4 3919 2
5 4668 2
6 6972 2
7 10909 3
8 14474 7
9 22546 7
10 7662 3
11 20753 8
12 15471 9
13 22353 6
14 6359 2
15 9628 4
16 3039 1
17 9854 8
18 9691 4
19 7552 2
20 14932 5
21 10550 3
22 12632 8
23 17214 8
24 35769 9
25 17577 7
26 1694 1
27 16952 5
28 1201 1
29 12527 5
30 29858 9
31 22968 7
32 4469 2
33 16486 6
34 14555 4
35 2690 2
36 4550 2
37 14743 5
38 11072 6
39 18960 9
40 4715 3
41 17892 7
42 14516 5
43 7045 3
44 14250 9
45 26211 7
46 17529 7
47 13247 5
48 11715 6
49 5620 3
50 5524 2
51 27767 7
52 14172 8
2
9 11
17 21
4
13 30
31 44
26 47
30 40
2
31 41
20 32
6
9 19
22 30
3 39
1 13
3 28
31 47
